 R(CM)=   3.50000  D(CM)=  25.00000   T(CM)=   8.50000
 GAMMA ENERGY=1439.0KEV   ATTEN COEFF=   0.24921 INVERSE CM
 Q2=   0.98786   Q4=   0.95991
