Individual Fitting Results for State 27
Number of calculations: 416
Average SF: 1.072757
Std Dev:    0.050851
RMS Value:  1.073962

All 416 Spectroscopic Factors:
1.017676
1.035825
1.035613
0.968414
1.105437
1.076502
1.061192
1.088302
1.122999
1.038035
1.093447
1.070338
1.068206
1.067904
0.985358
1.056732
1.089657
1.136082
1.066868
1.079181
1.041759
1.169939
1.063534
1.050416
1.153848
1.085716
1.088002
1.018768
1.003908
1.077082
1.122453
0.982250
1.047837
1.119050
1.082689
1.129339
1.039566
1.021945
0.972520
1.013920
0.979360
1.099259
1.059164
1.016448
1.053373
1.043050
1.068873
1.026390
1.148822
1.084252
1.039739
1.001753
0.981679
1.082332
1.117248
1.047457
1.090773
1.098392
1.092585
1.053669
1.100796
1.063307
1.134963
1.095601
1.074811
1.055751
1.080320
1.098828
1.104972
1.117390
1.038265
1.036036
1.108914
1.188305
1.148546
1.018230
1.070123
1.021483
1.167165
1.037860
1.105422
1.048273
1.110575
1.120591
1.022831
0.997843
1.061187
1.122551
0.975549
1.128909
1.044540
1.139220
1.086073
1.115957
1.040643
1.101263
1.055352
1.140841
1.040557
1.146139
1.069356
1.090536
1.073918
1.042517
1.047773
1.081849
1.155998
1.122763
1.034962
1.118827
1.094805
1.098979
1.047092
1.104324
1.166806
1.050373
1.089709
1.057594
1.083387
1.146885
1.043062
1.056408
1.101411
1.026962
1.022099
1.148359
1.057365
1.037406
1.085745
1.042837
0.986588
1.117441
1.131040
1.040778
1.032760
1.137482
1.160145
1.094953
0.991249
1.125682
1.085666
1.041948
1.031250
1.112611
1.004319
1.020752
1.074575
1.168305
1.089210
1.165471
0.959316
1.128625
1.047554
1.040272
1.061822
1.179491
1.162751
1.057492
1.052041
1.101652
0.947179
1.125947
1.112012
1.169147
0.988509
1.019025
1.099505
1.107730
1.058727
1.024216
1.034531
1.035022
1.064651
1.070403
1.029220
1.075425
1.118193
1.080830
1.060020
1.117619
1.126964
1.092104
1.030564
1.023741
1.111815
1.050458
1.097478
1.085123
1.042599
1.124963
1.134959
1.084598
1.061027
1.123644
1.184487
1.122836
1.149971
1.047313
0.991903
1.038471
1.068186
1.054957
1.116276
1.125239
1.147674
1.062943
1.080581
1.102482
1.115483
1.058131
1.085975
1.081206
1.118365
1.033131
1.013627
1.047850
1.118136
1.116080
1.046197
1.032263
1.054399
1.003626
1.040644
1.009554
1.026164
0.978547
1.042337
1.231770
1.064540
1.065968
1.004091
1.039721
1.082815
1.054131
1.102872
1.127041
1.176497
1.088838
1.099751
1.054641
1.061044
1.019256
1.218986
1.007811
0.995466
1.069290
1.109743
1.153932
1.117350
1.048845
1.046281
1.123540
1.081688
1.077113
1.111536
1.079801
0.997667
1.098200
1.015608
1.061626
1.000642
1.075766
1.080730
0.995492
1.098192
1.029966
1.132359
1.082798
1.002274
1.115716
1.104706
1.061802
1.140627
1.115115
1.024678
1.046742
1.117013
1.088277
1.011062
0.991829
1.008488
1.095511
1.048722
1.050964
1.067222
1.062946
1.091879
1.078377
1.060110
1.001654
0.979546
1.074097
0.989357
1.042314
1.096087
1.117169
1.044152
1.014912
0.956140
1.018116
1.102594
1.084191
1.005347
1.054838
1.017368
1.002458
1.001611
1.046383
1.152172
1.039036
1.012540
1.061370
1.046325
1.093692
1.075949
0.985647
1.089452
1.012962
1.070651
1.155346
1.062117
1.099829
1.073706
1.176521
1.112399
1.038761
1.086456
1.270490
1.135747
1.053482
1.174362
1.074080
1.019655
1.117891
1.157081
1.042984
1.184132
1.084707
0.984467
1.132152
1.086752
0.988687
0.982724
1.098862
1.044534
1.117300
1.048585
1.102146
1.099517
1.065891
1.065433
0.978604
1.059238
1.047887
1.055944
1.086702
0.992454
1.048476
1.066364
1.022563
1.070247
1.183692
1.105490
1.007171
1.074917
1.085060
1.068725
1.011591
1.127324
1.002606
1.063766
1.023818
1.016030
1.069478
1.071951
1.173918
1.074266
1.124555
1.081568
1.123510
1.138273
0.981771
1.078085
1.030753
1.039702
1.084357
1.131080
1.132346
1.037212
1.036185
1.145407
1.169495
1.080145
1.043535
1.101830
1.124675
1.077185
1.082090
1.112122
1.097276
1.087885
1.184493
1.026121
1.087717
1.072952
1.089990
1.018233
1.089685
1.100482
1.062494
1.095381
1.019137
1.083433
0.956434
1.058573
1.054892
