Individual Fitting Results for State 39
Number of calculations: 416
Average SF: 1.098420
Std Dev:    0.055919
RMS Value:  1.099843

All 416 Spectroscopic Factors:
1.035205
1.060000
1.057673
0.987091
1.135279
1.095658
1.084737
1.112757
1.151090
1.057901
1.125437
1.090079
1.090055
1.093213
0.999636
1.085481
1.120298
1.170921
1.092865
1.101712
1.058809
1.211396
1.086991
1.071595
1.190266
1.110430
1.108441
1.037790
1.018397
1.103569
1.157569
0.995670
1.070496
1.152822
1.107323
1.155498
1.065222
1.042833
0.992729
1.034698
0.995580
1.125024
1.088719
1.043762
1.074203
1.064590
1.093875
1.048069
1.190613
1.110873
1.063136
1.019248
0.996657
1.108554
1.152659
1.069561
1.117653
1.124996
1.118065
1.075086
1.133769
1.080642
1.165397
1.125837
1.103016
1.080232
1.109805
1.129203
1.134343
1.144946
1.061157
1.054196
1.139238
1.228988
1.179770
1.037412
1.096602
1.041415
1.210022
1.062160
1.128967
1.061133
1.138416
1.150635
1.048644
1.016227
1.086830
1.152631
0.991338
1.157879
1.069890
1.164028
1.114197
1.144546
1.059255
1.131913
1.075089
1.170888
1.062243
1.182895
1.090259
1.112949
1.103249
1.064940
1.068815
1.107956
1.186806
1.149607
1.054560
1.143690
1.125695
1.125555
1.065565
1.140631
1.205410
1.075511
1.119187
1.078584
1.109246
1.179841
1.063613
1.074368
1.132326
1.051944
1.046080
1.184452
1.082081
1.055334
1.112672
1.061847
1.008613
1.145218
1.162580
1.063859
1.052984
1.165808
1.206557
1.124879
1.008578
1.154752
1.114373
1.064267
1.055722
1.140160
1.026032
1.042862
1.106509
1.205361
1.114554
1.206188
0.971321
1.149804
1.072696
1.060007
1.086764
1.212407
1.193958
1.086314
1.072477
1.129855
0.964592
1.144575
1.140457
1.207633
1.009351
1.036102
1.130707
1.139605
1.082444
1.047161
1.059668
1.057307
1.093409
1.099884
1.052153
1.102661
1.146763
1.102806
1.089866
1.154651
1.152697
1.121005
1.052870
1.043004
1.143068
1.073491
1.120043
1.114511
1.061629
1.157529
1.161181
1.117154
1.084362
1.158350
1.215781
1.153219
1.183821
1.068791
1.010644
1.062178
1.095799
1.077114
1.144371
1.151452
1.183632
1.084448
1.105556
1.137137
1.145483
1.082573
1.112754
1.104908
1.148295
1.052500
1.031080
1.068086
1.153970
1.142973
1.070633
1.053437
1.085497
1.025501
1.062977
1.029294
1.047726
0.996499
1.067027
1.273983
1.086708
1.094611
1.024179
1.058320
1.104968
1.081816
1.141092
1.157345
1.198842
1.109166
1.126606
1.072850
1.089231
1.038349
1.263696
1.030264
1.010725
1.097275
1.136473
1.183106
1.143742
1.072172
1.070558
1.154615
1.107522
1.109099
1.142757
1.107026
1.014667
1.128390
1.038981
1.085419
1.021714
1.097463
1.111766
1.017038
1.127480
1.053820
1.158776
1.109026
1.020445
1.142569
1.133747
1.085775
1.171752
1.142724
1.049721
1.075531
1.143753
1.116401
1.029933
1.010088
1.035658
1.123178
1.075785
1.066189
1.094614
1.091949
1.105587
1.102977
1.084456
1.019110
0.997621
1.103443
1.004414
1.059904
1.126870
1.139029
1.067026
1.035835
0.976045
1.036158
1.135355
1.115206
1.024968
1.081170
1.039519
1.017432
1.020468
1.068664
1.192348
1.063581
1.034954
1.087021
1.065774
1.118160
1.101326
1.006123
1.116803
1.026566
1.085604
1.189187
1.080400
1.132539
1.098570
1.205649
1.146170
1.063705
1.116956
1.318652
1.166869
1.080270
1.214657
1.100924
1.031417
1.143358
1.194504
1.067253
1.219337
1.104837
1.009283
1.172249
1.116239
1.005971
1.005567
1.119616
1.062436
1.154937
1.070807
1.132794
1.127965
1.090129
1.091611
0.992930
1.082539
1.068037
1.078381
1.114580
1.011016
1.074430
1.085641
1.044353
1.099658
1.216437
1.137188
1.025117
1.101254
1.115363
1.091699
1.026564
1.163166
1.017682
1.087539
1.042962
1.035332
1.096301
1.097011
1.215799
1.105380
1.159251
1.105431
1.153591
1.171695
1.005281
1.110545
1.056176
1.061445
1.108867
1.161190
1.164591
1.058861
1.060099
1.179734
1.200353
1.104451
1.065961
1.129518
1.145505
1.109423
1.106456
1.140772
1.131482
1.111579
1.221390
1.045243
1.114356
1.098076
1.120582
1.038652
1.114185
1.129265
1.084513
1.124198
1.038212
1.112339
0.970505
1.083309
1.081190
