Individual Fitting Results for State 22
Number of calculations: 416
Average SF: 0.818332
Std Dev:    0.034411
RMS Value:  0.819055

All 416 Spectroscopic Factors:
0.778464
0.787169
0.798033
0.743873
0.839658
0.830049
0.815459
0.833466
0.846939
0.795967
0.831979
0.812810
0.825898
0.811196
0.762799
0.805724
0.829153
0.856847
0.819723
0.825141
0.809721
0.880654
0.808541
0.803859
0.871098
0.831533
0.832700
0.785129
0.774740
0.830486
0.843562
0.764830
0.804672
0.867007
0.826713
0.857129
0.789237
0.780887
0.746754
0.777457
0.765148
0.843010
0.800666
0.779617
0.811991
0.804070
0.813257
0.786195
0.851537
0.827972
0.799942
0.779339
0.762393
0.819482
0.842712
0.807816
0.836875
0.823742
0.828094
0.807537
0.837134
0.822131
0.864251
0.829302
0.818138
0.812945
0.824626
0.839591
0.837085
0.852638
0.795490
0.793732
0.844774
0.896843
0.871973
0.779616
0.819693
0.785535
0.866308
0.791432
0.847679
0.816651
0.845305
0.847887
0.776978
0.773006
0.810849
0.850989
0.758185
0.852521
0.791867
0.866022
0.832774
0.856081
0.806665
0.831198
0.814143
0.874856
0.795560
0.860169
0.817438
0.833975
0.812238
0.804555
0.810678
0.819262
0.880558
0.850022
0.802413
0.846450
0.827929
0.840592
0.812079
0.839968
0.868465
0.805269
0.825011
0.814785
0.833627
0.863118
0.801558
0.819399
0.832835
0.790356
0.776085
0.861723
0.803890
0.796229
0.828036
0.797949
0.758173
0.853717
0.865289
0.799998
0.804503
0.860284
0.864438
0.829053
0.764633
0.853970
0.824272
0.798019
0.788435
0.849689
0.768350
0.781440
0.816742
0.883157
0.832131
0.870813
0.753374
0.867695
0.792026
0.798767
0.811497
0.897035
0.877692
0.807456
0.807215
0.841559
0.736936
0.856359
0.839959
0.881923
0.758724
0.776488
0.827682
0.838979
0.812353
0.786045
0.784646
0.794963
0.806659
0.812119
0.783268
0.813749
0.853273
0.827770
0.797619
0.837794
0.865965
0.824390
0.792843
0.787355
0.838554
0.803014
0.841571
0.826804
0.801158
0.853786
0.862354
0.822249
0.809624
0.849658
0.901446
0.856610
0.867011
0.799134
0.766557
0.786799
0.805805
0.805836
0.846316
0.851906
0.872196
0.824052
0.824857
0.832196
0.850071
0.805003
0.825698
0.823925
0.844157
0.789480
0.775641
0.803567
0.841849
0.839179
0.796217
0.793270
0.796386
0.767126
0.797765
0.783093
0.783713
0.753384
0.792647
0.916120
0.819934
0.814031
0.775239
0.793141
0.826271
0.799823
0.829095
0.855344
0.897587
0.841652
0.843842
0.807243
0.805741
0.777542
0.915070
0.766042
0.773697
0.813276
0.841744
0.883078
0.849035
0.802864
0.796695
0.857864
0.818872
0.815585
0.838606
0.838576
0.764975
0.835204
0.772443
0.805891
0.769471
0.828482
0.826251
0.762058
0.833108
0.790500
0.865469
0.834000
0.768105
0.846734
0.840586
0.807942
0.867752
0.852751
0.780987
0.794034
0.849356
0.827718
0.782149
0.762572
0.763985
0.826837
0.800151
0.807822
0.806664
0.795403
0.844869
0.830942
0.820804
0.773029
0.760546
0.819454
0.764107
0.803880
0.831390
0.854327
0.797850
0.778359
0.738422
0.776960
0.834948
0.820720
0.770291
0.803723
0.775062
0.778375
0.767939
0.802034
0.868912
0.786042
0.778698
0.806108
0.805610
0.835014
0.816141
0.754349
0.836542
0.779499
0.820765
0.873319
0.820401
0.835965
0.820529
0.897519
0.834838
0.790315
0.820430
0.950224
0.862129
0.801820
0.876973
0.812939
0.793212
0.850182
0.867612
0.801427
0.893157
0.833439
0.746154
0.849939
0.831018
0.758140
0.754903
0.841688
0.800416
0.843365
0.805411
0.833690
0.840706
0.811356
0.811743
0.752374
0.805718
0.813566
0.809771
0.813299
0.766023
0.792798
0.818729
0.785561
0.813993
0.886264
0.835162
0.767275
0.816335
0.823399
0.823855
0.780850
0.854991
0.782856
0.816785
0.785726
0.781953
0.813435
0.821695
0.879389
0.815614
0.850621
0.827109
0.853478
0.855163
0.747869
0.821607
0.786559
0.789507
0.826782
0.861234
0.864711
0.798346
0.784948
0.864163
0.888446
0.828565
0.794565
0.842048
0.864555
0.821826
0.837704
0.845963
0.830716
0.829539
0.894961
0.791096
0.828560
0.818752
0.817976
0.782174
0.833087
0.837877
0.811287
0.828818
0.781339
0.820676
0.741220
0.810112
0.802536
