Individual Fitting Results for State 2
Number of calculations: 416
Average SF: 11.246321
Std Dev:    0.599883
RMS Value:  11.262309

All 416 Spectroscopic Factors:
10.729792
10.649337
10.749349
10.330787
11.717456
11.201570
10.811905
11.070507
11.979174
10.797093
11.615327
11.062351
11.072606
11.278892
10.243835
11.079101
11.449552
11.906581
10.665944
11.152480
10.889753
12.394442
11.109820
11.308906
11.972155
11.340997
11.316861
10.549590
10.312520
11.300767
12.002021
10.226575
10.801215
11.288870
11.215769
11.815357
10.894940
10.763082
9.956575
10.720342
9.883396
11.371351
11.335890
10.583598
10.738594
10.800164
11.294271
10.751884
12.685634
11.310470
11.255877
10.650471
10.206953
11.472193
11.842149
11.005723
11.098634
11.712836
11.433632
10.951340
11.814312
10.998105
11.868619
11.444678
11.195823
10.907971
11.124995
11.472839
11.725547
11.855390
10.616748
11.011755
11.715839
12.279418
11.858184
10.774721
11.013106
10.802357
12.725722
11.057409
11.624148
10.825861
11.765337
11.771782
10.783744
10.157666
11.136063
12.161416
10.032106
11.837013
11.113334
12.068998
11.166190
11.510332
10.751431
11.782671
10.948924
11.906012
10.906283
12.243746
11.119542
11.508450
11.469658
10.715516
10.631425
11.381468
12.043715
11.735393
10.515593
11.796350
11.797539
11.542514
10.682247
11.478093
12.511464
10.793694
11.666294
10.911049
11.266231
12.184976
10.558020
10.675352
11.456804
10.544026
10.730334
12.337997
11.430669
10.821062
11.398700
10.905117
10.181990
11.510289
11.550160
10.875726
10.801117
11.935076
12.752215
11.761949
10.255041
11.719981
11.410460
10.876548
10.788531
11.685679
10.431335
10.931452
11.103490
12.261309
11.227957
12.506861
9.652732
11.786494
11.215182
10.987707
11.086246
12.321586
12.153748
10.963105
10.779031
11.393141
9.703328
11.953217
11.641139
12.275190
10.372221
10.873007
11.806549
11.750777
11.130870
10.740325
11.113668
10.563378
11.375941
11.505162
10.886963
11.378368
11.705947
11.280426
11.397018
11.876535
11.791695
11.578082
10.695691
10.754544
11.806167
10.972059
11.431696
11.459844
10.802653
11.737629
11.786523
11.453652
11.150450
11.881979
12.397865
11.769109
12.252509
11.170451
10.224634
10.958389
11.356602
10.998997
11.786142
11.971996
11.995317
10.996469
11.353692
11.541646
11.609919
11.185002
11.474514
11.520798
11.971067
10.801503
10.795162
10.812361
11.951030
11.624120
10.994279
10.827555
11.230172
10.661530
10.664278
10.296346
10.801544
10.153824
11.040174
13.256736
11.090115
11.028724
10.356020
10.820904
11.372937
11.460735
11.772953
11.612261
12.234691
11.275288
11.379306
11.051335
11.257832
10.681154
13.012583
10.486400
10.217311
11.215204
11.771010
11.909504
11.672665
10.821314
11.029377
11.592752
11.528000
11.232375
12.007953
10.656967
10.239789
11.712632
10.865319
11.214694
10.388168
11.024243
11.312999
10.563952
11.558662
10.706674
11.697011
11.488338
10.453799
11.494512
11.581533
11.079792
11.997626
11.674536
10.859587
11.075955
11.717077
11.420689
10.468181
10.472387
10.825033
11.761188
11.094941
10.771687
11.356671
11.618467
11.217848
11.217336
10.885534
10.567901
10.079444
11.628564
10.428630
10.898350
11.550066
11.704725
11.099572
10.669971
9.641755
10.775246
11.653554
11.497116
10.472078
10.961469
10.765087
10.363211
10.458676
10.932105
11.930395
11.184527
10.470228
10.948173
10.836798
11.422145
11.450970
10.323066
11.434550
10.581768
11.318328
12.128165
10.853820
11.424237
11.376517
11.988405
12.021623
10.879117
11.486198
13.489379
11.915967
11.100481
12.824532
11.381374
10.635227
11.886252
12.291620
10.665054
12.429914
11.097363
10.643733
12.093055
11.247304
10.470490
10.570912
11.355329
10.929887
11.630738
11.000218
11.981656
11.400170
11.433450
11.223242
10.270222
11.065711
10.683603
11.062359
11.803245
10.265247
11.072222
11.031512
10.711903
11.153148
12.549021
11.935354
10.598999
11.239003
11.329241
11.247750
10.360150
11.832477
10.240268
10.818091
10.597596
10.542353
11.192258
11.185206
12.354822
11.319527
11.808073
11.260988
11.857339
12.022324
10.429764
11.254813
10.851700
10.950720
11.364080
11.797443
12.022297
10.951163
10.928855
11.959160
12.177001
11.079511
11.297370
11.478120
11.611642
11.282576
11.058565
11.388871
11.462567
11.424861
12.550568
10.495358
11.518124
11.067576
11.978908
10.775056
11.418338
11.510072
11.025516
11.639282
10.628608
11.494220
10.042102
11.160944
11.235697
