Individual Fitting Results for State 24
Number of calculations: 416
Average SF: 0.882837
Std Dev:    0.041504
RMS Value:  0.883812

All 416 Spectroscopic Factors:
0.864955
0.818158
0.841823
0.846375
0.909103
0.900452
0.844458
0.851600
0.935045
0.850832
0.920842
0.849414
0.861992
0.884264
0.832719
0.851633
0.883546
0.909405
0.837037
0.886843
0.879537
0.942773
0.858976
0.899776
0.903081
0.911499
0.896854
0.834751
0.835681
0.890200
0.927177
0.826084
0.851202
0.882382
0.868448
0.920924
0.834410
0.844646
0.766598
0.860415
0.790282
0.891552
0.876360
0.825426
0.840448
0.859716
0.875340
0.851537
0.959685
0.889778
0.909737
0.856710
0.824445
0.907253
0.908023
0.868432
0.868394
0.913223
0.893640
0.860984
0.919592
0.870172
0.921029
0.888780
0.860784
0.874668
0.869048
0.899564
0.928349
0.930981
0.822886
0.892891
0.919019
0.935031
0.928332
0.858423
0.848502
0.857435
0.990123
0.881422
0.919215
0.871058
0.944146
0.940024
0.825801
0.814446
0.881972
0.961124
0.791606
0.924590
0.879994
0.954963
0.871765
0.894337
0.878639
0.919156
0.863702
0.941579
0.859914
0.933963
0.863638
0.924762
0.893350
0.850925
0.853589
0.887189
0.929098
0.924750
0.816201
0.938970
0.918955
0.914757
0.835094
0.871370
0.972405
0.833995
0.907585
0.873993
0.896898
0.941911
0.822297
0.839881
0.875598
0.829911
0.837810
0.963933
0.913359
0.895648
0.883303
0.877978
0.805934
0.902556
0.898882
0.865933
0.883815
0.930237
0.983841
0.937259
0.825959
0.928172
0.895299
0.869500
0.851697
0.907225
0.823137
0.883436
0.864298
0.910668
0.885695
0.966797
0.783850
0.938763
0.884394
0.870985
0.860042
0.951978
0.948072
0.841049
0.850123
0.876402
0.786969
0.955194
0.906585
0.941083
0.824656
0.877446
0.918956
0.923369
0.884808
0.854941
0.849317
0.836638
0.886274
0.921293
0.859341
0.895661
0.912763
0.886914
0.884107
0.888582
0.926953
0.895216
0.845259
0.855192
0.919035
0.862463
0.898361
0.892335
0.845127
0.898023
0.907004
0.888037
0.893522
0.914040
0.955217
0.924894
0.961591
0.906110
0.818070
0.841066
0.884788
0.867528
0.927471
0.941837
0.924781
0.872811
0.880915
0.874136
0.906015
0.861931
0.894817
0.912521
0.932900
0.876356
0.875302
0.841423
0.925401
0.915806
0.847023
0.878365
0.867782
0.833766
0.838770
0.806934
0.827401
0.795479
0.864466
1.006693
0.878855
0.868103
0.824575
0.869022
0.911988
0.900917
0.881701
0.872089
0.973755
0.906063
0.896919
0.889907
0.878102
0.852967
0.991993
0.817288
0.812208
0.865881
0.922712
0.922091
0.918860
0.828503
0.863724
0.874990
0.915940
0.856613
0.920839
0.828705
0.819301
0.919699
0.857249
0.829294
0.824312
0.855246
0.895707
0.855841
0.882184
0.841357
0.894214
0.899573
0.839326
0.900546
0.905382
0.875074
0.936727
0.918456
0.836315
0.881047
0.917326
0.882645
0.834668
0.838654
0.843375
0.934811
0.884745
0.887221
0.885868
0.900149
0.879138
0.880059
0.866229
0.865199
0.804174
0.918901
0.838886
0.876233
0.917998
0.949956
0.875864
0.863102
0.760511
0.854678
0.896273
0.900108
0.815525
0.864706
0.854237
0.854419
0.814203
0.872872
0.915203
0.860296
0.832250
0.850266
0.863864
0.893516
0.894204
0.817334
0.888340
0.844937
0.907676
0.938865
0.823877
0.871884
0.903495
0.965002
0.912385
0.859484
0.873363
1.030667
0.926149
0.869267
0.976829
0.892735
0.871407
0.941286
0.957428
0.836798
0.966821
0.879572
0.834251
0.910969
0.866275
0.843340
0.856357
0.896712
0.869941
0.881087
0.878055
0.944596
0.885803
0.916424
0.878235
0.836409
0.861037
0.853359
0.883950
0.932540
0.811630
0.872902
0.870955
0.845560
0.870582
0.971889
0.918572
0.861547
0.891284
0.882115
0.907154
0.837704
0.895559
0.831275
0.841456
0.836035
0.820846
0.861128
0.869222
0.949378
0.863040
0.916986
0.881626
0.930257
0.930986
0.829908
0.867365
0.858642
0.853700
0.887763
0.901853
0.923222
0.879547
0.863947
0.918767
0.966585
0.861736
0.900171
0.893601
0.914457
0.882868
0.864994
0.873599
0.871452
0.914699
0.979042
0.846711
0.902324
0.870783
0.938795
0.873322
0.904783
0.907717
0.867953
0.927387
0.851770
0.917556
0.797761
0.858342
0.881043
