Individual Fitting Results for State 6
Number of calculations: 416
Average SF: 0.525064
Std Dev:    0.023346
RMS Value:  0.525582

All 416 Spectroscopic Factors:
0.496386
0.507286
0.512565
0.473685
0.542880
0.528909
0.526566
0.537351
0.539899
0.509146
0.530534
0.518641
0.530245
0.521994
0.483992
0.517622
0.534263
0.555161
0.530563
0.529412
0.516351
0.566868
0.522145
0.507988
0.562970
0.534153
0.533572
0.504030
0.497179
0.525940
0.539564
0.489110
0.515793
0.564374
0.528340
0.553521
0.511536
0.500942
0.479203
0.498418
0.489768
0.539683
0.510919
0.497358
0.525373
0.511634
0.521379
0.502570
0.547740
0.533169
0.503705
0.496081
0.485274
0.526238
0.541832
0.514214
0.539176
0.529836
0.531062
0.517845
0.532381
0.525667
0.557657
0.536571
0.527087
0.524633
0.528862
0.538908
0.536034
0.545750
0.511938
0.507457
0.538934
0.583752
0.562160
0.499140
0.529897
0.499725
0.556853
0.506073
0.543723
0.520739
0.540626
0.546124
0.500616
0.494886
0.520851
0.540671
0.486337
0.549137
0.508187
0.555589
0.535432
0.553736
0.517167
0.534443
0.520011
0.560879
0.511599
0.554712
0.525177
0.533857
0.519736
0.515268
0.521900
0.527051
0.567751
0.548208
0.514531
0.543200
0.529930
0.537850
0.522915
0.542054
0.559369
0.517034
0.529000
0.516377
0.534255
0.554246
0.518144
0.529192
0.537238
0.509304
0.498892
0.552558
0.506598
0.504914
0.532451
0.510649
0.484289
0.551115
0.560573
0.504659
0.511259
0.552981
0.553449
0.527813
0.492406
0.551709
0.528487
0.512163
0.507000
0.544762
0.493666
0.496179
0.526931
0.573697
0.532652
0.560465
0.479713
0.553012
0.507136
0.510658
0.521146
0.577365
0.566598
0.519992
0.518947
0.548154
0.466572
0.546654
0.541595
0.567016
0.487122
0.494835
0.530045
0.537904
0.517999
0.503714
0.503048
0.512005
0.514682
0.519847
0.501979
0.525224
0.545833
0.534064
0.513776
0.538901
0.556896
0.526157
0.505447
0.503770
0.537997
0.514217
0.539376
0.527146
0.516066
0.549534
0.555485
0.527593
0.519061
0.546932
0.575878
0.549804
0.561140
0.506735
0.492802
0.508265
0.516486
0.516539
0.544515
0.544537
0.562870
0.529569
0.528969
0.538033
0.548056
0.518497
0.530643
0.523192
0.541107
0.507545
0.489284
0.516594
0.539688
0.539364
0.512239
0.508263
0.510922
0.492084
0.513843
0.504901
0.505433
0.489235
0.505959
0.590030
0.520987
0.527365
0.497392
0.505684
0.528636
0.508640
0.532730
0.554706
0.576833
0.541941
0.544280
0.516479
0.516856
0.500212
0.590294
0.491219
0.494048
0.523919
0.539576
0.571714
0.545365
0.519126
0.513785
0.552478
0.521598
0.523499
0.535926
0.542293
0.490872
0.533351
0.494196
0.528344
0.490105
0.530925
0.531163
0.484833
0.536496
0.508553
0.561749
0.530766
0.491935
0.543159
0.540884
0.520403
0.559515
0.549275
0.504001
0.509058
0.544319
0.534978
0.495699
0.489833
0.488349
0.529227
0.512669
0.518882
0.518182
0.509631
0.540347
0.527458
0.527218
0.492114
0.483064
0.520189
0.487831
0.512160
0.532661
0.545380
0.512804
0.495944
0.473990
0.497010
0.535827
0.528248
0.496394
0.515134
0.491411
0.494256
0.491283
0.514132
0.562593
0.504753
0.498275
0.523178
0.513301
0.538089
0.522959
0.482688
0.531444
0.498550
0.522605
0.563845
0.527362
0.537665
0.525343
0.580696
0.535986
0.509874
0.531531
0.616468
0.555503
0.519343
0.563489
0.523980
0.503989
0.540747
0.558422
0.518794
0.577772
0.534983
0.475037
0.544703
0.536135
0.492834
0.476456
0.539961
0.511159
0.546210
0.517908
0.530457
0.538655
0.515520
0.519791
0.479871
0.518431
0.519138
0.518983
0.521831
0.490366
0.506753
0.524673
0.502500
0.520966
0.570616
0.535306
0.494627
0.522832
0.529711
0.521807
0.497589
0.550828
0.500938
0.528270
0.504897
0.499734
0.522573
0.527294
0.569574
0.526130
0.549636
0.532907
0.546703
0.548735
0.475881
0.527697
0.504919
0.509134
0.527562
0.555738
0.552469
0.508800
0.505375
0.559207
0.574982
0.533138
0.506064
0.539296
0.553909
0.525805
0.538901
0.539980
0.534757
0.532614
0.576183
0.509623
0.530255
0.528128
0.522516
0.494913
0.534735
0.539673
0.520720
0.533494
0.500221
0.522511
0.477711
0.519625
0.513791
