Individual Fitting Results for State 28
Number of calculations: 416
Average SF: 0.418830
Std Dev:    0.016332
RMS Value:  0.419148

All 416 Spectroscopic Factors:
0.398651
0.402719
0.411439
0.382934
0.428957
0.426686
0.420289
0.427807
0.428520
0.408560
0.425002
0.413643
0.426127
0.414212
0.393754
0.412670
0.424205
0.436087
0.423172
0.422572
0.418684
0.447320
0.412799
0.411271
0.443052
0.426505
0.425805
0.404796
0.399262
0.427521
0.427546
0.396492
0.413496
0.450708
0.422708
0.436792
0.403989
0.400368
0.384978
0.399329
0.398272
0.432332
0.407354
0.401851
0.419110
0.413978
0.415219
0.403621
0.427594
0.424270
0.411627
0.403985
0.394507
0.417248
0.428787
0.416016
0.430447
0.415894
0.421336
0.414465
0.427737
0.423765
0.441954
0.423237
0.418655
0.419591
0.422503
0.430379
0.426215
0.435643
0.409017
0.406777
0.431619
0.457249
0.444843
0.399890
0.421546
0.403808
0.435516
0.405120
0.434569
0.422547
0.431344
0.431778
0.396828
0.400158
0.415800
0.432590
0.393155
0.432738
0.404071
0.441041
0.428152
0.440287
0.417060
0.422496
0.419048
0.448680
0.407765
0.435451
0.418567
0.426644
0.413629
0.414838
0.419129
0.416815
0.449951
0.432607
0.415033
0.429648
0.420971
0.430415
0.420145
0.430709
0.437146
0.414012
0.419925
0.418804
0.429011
0.437023
0.413137
0.424221
0.423992
0.408144
0.396866
0.435411
0.409776
0.407964
0.423673
0.408758
0.390758
0.437312
0.444307
0.411175
0.417072
0.436893
0.436529
0.421538
0.394841
0.435753
0.420554
0.409614
0.404785
0.434667
0.394884
0.400593
0.418732
0.450000
0.425604
0.439685
0.392892
0.444308
0.402773
0.410170
0.415806
0.457418
0.446074
0.414551
0.414614
0.432291
0.382750
0.435195
0.426886
0.448057
0.390484
0.396507
0.419395
0.427515
0.416932
0.404189
0.400179
0.409366
0.411273
0.414391
0.400043
0.414991
0.436258
0.424870
0.404913
0.424592
0.444799
0.418588
0.408131
0.404986
0.425895
0.411431
0.431355
0.422539
0.411541
0.436115
0.439345
0.419397
0.414001
0.432810
0.458936
0.438323
0.440686
0.407993
0.396368
0.400752
0.409243
0.412228
0.430954
0.432220
0.445655
0.426060
0.421590
0.424229
0.434996
0.411447
0.421700
0.420279
0.428373
0.404905
0.396540
0.412638
0.427324
0.424699
0.407183
0.408084
0.406108
0.393728
0.410180
0.406094
0.401724
0.389320
0.404705
0.460146
0.421508
0.418127
0.400198
0.404991
0.422174
0.407767
0.421386
0.436982
0.458016
0.434231
0.433859
0.413129
0.411109
0.398036
0.463475
0.392038
0.400763
0.416191
0.428540
0.452945
0.432854
0.412654
0.407956
0.439489
0.416021
0.416125
0.425537
0.435611
0.393009
0.426327
0.394884
0.411533
0.396419
0.426046
0.424305
0.391323
0.424628
0.406915
0.443387
0.429345
0.394456
0.430850
0.429621
0.412919
0.443137
0.436965
0.400165
0.405695
0.433136
0.423124
0.403625
0.392800
0.390020
0.419473
0.409965
0.415292
0.410208
0.401467
0.434819
0.427452
0.424527
0.398376
0.394069
0.419583
0.394058
0.413403
0.424035
0.436575
0.408892
0.399532
0.382732
0.397253
0.425667
0.418596
0.395804
0.411496
0.396067
0.402497
0.394615
0.411638
0.443012
0.399963
0.401541
0.412647
0.413991
0.427188
0.415787
0.387729
0.429630
0.400611
0.419855
0.444496
0.423026
0.427690
0.420264
0.459651
0.422618
0.404523
0.417405
0.480510
0.439738
0.410719
0.442312
0.413913
0.410280
0.432719
0.439095
0.413501
0.453597
0.428145
0.381039
0.431007
0.426602
0.390095
0.388684
0.430937
0.410338
0.430735
0.414273
0.423632
0.430694
0.413834
0.415058
0.386513
0.411331
0.420570
0.415404
0.410268
0.395581
0.403595
0.419831
0.404195
0.416389
0.447113
0.424369
0.392691
0.416241
0.420462
0.423610
0.402208
0.436563
0.406401
0.420710
0.403791
0.402551
0.415964
0.421862
0.445948
0.416849
0.433420
0.423901
0.435206
0.433039
0.383214
0.421252
0.403278
0.402733
0.422195
0.440191
0.442422
0.410926
0.400076
0.439349
0.453636
0.425550
0.405641
0.431330
0.443211
0.421340
0.432910
0.431702
0.424111
0.424010
0.455226
0.408278
0.423086
0.419630
0.413550
0.401611
0.426465
0.428590
0.415216
0.422037
0.401004
0.417624
0.383927
0.415922
0.409686
