Individual Fitting Results for State 23
Number of calculations: 416
Average SF: 1.072432
Std Dev:    0.054801
RMS Value:  1.073831

All 416 Spectroscopic Factors:
1.048583
0.996005
1.031794
1.042684
1.106884
1.100049
1.004179
1.022192
1.151658
1.042047
1.111775
1.018410
1.036260
1.067959
1.018139
1.050528
1.079990
1.088162
0.997311
1.057535
1.063089
1.140156
1.053090
1.127391
1.100694
1.087437
1.066144
1.016305
0.988569
1.124134
1.152037
1.001551
1.031828
1.022353
1.045294
1.102759
1.003268
1.036741
0.935899
1.048550
0.935657
1.066411
1.099188
1.037907
0.997768
1.053141
1.074897
1.035019
1.223368
1.066310
1.168144
1.065700
0.999924
1.102467
1.121934
1.078097
1.020586
1.081473
1.076892
1.034427
1.172962
1.048302
1.088656
1.052093
1.054718
1.035078
1.049118
1.103619
1.136230
1.133522
0.989357
1.084909
1.136107
1.098591
1.083677
1.029263
1.004109
1.063071
1.215821
1.103954
1.110821
1.046729
1.131749
1.132812
1.015377
0.987128
1.067309
1.180407
0.956823
1.101642
1.065340
1.145243
1.054285
1.069121
1.045523
1.132843
1.047767
1.132093
1.042542
1.131285
1.031054
1.113769
1.120985
1.020084
1.012611
1.079864
1.128305
1.079662
0.985421
1.101848
1.155098
1.120827
1.013294
1.089952
1.184157
1.011372
1.124134
1.053288
1.092391
1.159389
0.972437
0.982657
1.072819
1.003601
1.034765
1.188790
1.152969
1.055117
1.082808
1.066913
1.000642
1.067615
1.053480
1.081849
1.074509
1.118745
1.238893
1.166539
0.969420
1.084378
1.109398
1.061723
1.043073
1.124203
1.022381
1.099543
1.025895
1.080099
1.057463
1.178964
0.932367
1.111833
1.095964
1.047597
1.034792
1.145238
1.132956
1.023516
1.017527
1.041280
0.971862
1.146965
1.084470
1.140570
1.009623
1.069855
1.128248
1.141854
1.078244
1.047246
1.067515
0.992800
1.119920
1.118550
1.039346
1.070840
1.111543
1.051207
1.086398
1.111577
1.126380
1.103375
1.034743
1.042410
1.107463
1.062429
1.076561
1.094904
1.014015
1.108622
1.077271
1.100389
1.074147
1.115122
1.163446
1.123449
1.127021
1.102340
0.993601
1.033068
1.090756
1.054705
1.114769
1.135157
1.109181
1.038120
1.072292
1.072576
1.096218
1.062534
1.094161
1.136592
1.157161
1.028557
1.071950
0.982763
1.165050
1.085447
1.012817
1.044131
1.076433
1.042436
1.006991
0.979326
1.015008
0.940740
1.066393
1.211138
1.072182
1.029053
1.023770
1.020632
1.096201
1.133643
1.123151
1.035131
1.128794
1.084881
1.055018
1.066383
1.077198
1.027371
1.210065
1.000130
0.969429
1.067362
1.117870
1.106475
1.105238
0.967354
1.041113
1.068467
1.134357
1.063807
1.155272
0.970552
0.975284
1.134479
1.064194
1.000440
1.017772
1.033252
1.083915
1.074304
1.080252
1.021868
1.066536
1.125345
1.009027
1.089465
1.098489
1.050998
1.121319
1.079768
1.016619
1.085176
1.106024
1.070291
1.017381
1.042121
1.057837
1.133029
1.077170
1.025543
1.071556
1.117786
1.035726
1.084733
1.020223
1.045325
0.978599
1.166120
1.017517
1.065515
1.105114
1.137591
1.069383
1.056134
0.932933
1.036227
1.108225
1.094785
1.003559
1.060821
1.065018
1.030838
0.993395
1.050108
1.091366
1.050060
1.023359
1.016921
1.052277
1.062737
1.090410
1.021175
1.119324
1.017719
1.122045
1.112344
0.999546
1.070995
1.115580
1.095012
1.141890
1.029093
1.079924
1.219290
1.116879
1.028241
1.214614
1.099407
1.059961
1.164654
1.171705
0.994258
1.134109
1.053295
1.063890
1.158739
1.054309
0.995518
1.078263
1.073634
1.073738
1.054834
1.054321
1.189818
1.088569
1.115459
1.091953
1.009770
1.061411
1.024379
1.066954
1.135924
0.976325
1.080062
1.047902
1.038522
1.082330
1.172382
1.158112
1.019710
1.077735
1.061732
1.119994
0.993787
1.091257
1.000543
1.002991
1.014556
0.995320
1.046910
1.052461
1.136147
1.067025
1.102473
1.057149
1.145068
1.130846
1.038374
1.060375
1.031696
1.041488
1.107684
1.094045
1.153278
1.093418
1.028511
1.117621
1.130101
1.031969
1.130212
1.101787
1.106538
1.092676
1.036119
1.057162
1.081782
1.106563
1.193860
0.979126
1.118692
1.044491
1.193749
1.090435
1.100240
1.094135
1.038470
1.095886
1.018520
1.135129
0.952581
1.044791
1.099313
