Individual Fitting Results for State 9
Number of calculations: 416
Average SF: 0.545401
Std Dev:    0.037205
RMS Value:  0.546669

All 416 Spectroscopic Factors:
0.524564
0.529318
0.497979
0.480647
0.587722
0.540067
0.546259
0.565620
0.567473
0.524789
0.537894
0.514985
0.530055
0.540452
0.499377
0.529554
0.563423
0.610823
0.586326
0.556593
0.518283
0.586217
0.555763
0.520971
0.609185
0.552309
0.527372
0.528208
0.496256
0.558969
0.572300
0.485248
0.538709
0.618042
0.527354
0.565630
0.537137
0.504019
0.488564
0.502192
0.505489
0.524585
0.560160
0.528555
0.540271
0.522337
0.526203
0.510813
0.608605
0.552674
0.511135
0.478853
0.479405
0.559894
0.560872
0.517420
0.575896
0.497015
0.548018
0.523612
0.579019
0.481885
0.571792
0.557332
0.569283
0.546960
0.559959
0.573674
0.577324
0.560046
0.531491
0.496536
0.577855
0.632190
0.579919
0.493772
0.551068
0.508932
0.626076
0.576881
0.568364
0.536162
0.547567
0.595688
0.513490
0.533558
0.541960
0.544909
0.475254
0.573815
0.521079
0.580119
0.565262
0.606878
0.533305
0.556891
0.496859
0.580396
0.542540
0.599368
0.513455
0.553079
0.564010
0.525663
0.539992
0.547779
0.593954
0.531142
0.517867
0.526024
0.553083
0.578078
0.556798
0.589346
0.619817
0.533096
0.555779
0.517951
0.577094
0.602669
0.513741
0.545262
0.575385
0.535231
0.531298
0.604039
0.508993
0.479606
0.585386
0.557957
0.513755
0.569041
0.584483
0.503440
0.492969
0.543961
0.606650
0.576002
0.481150
0.562099
0.550504
0.516030
0.546296
0.618786
0.540583
0.554669
0.573125
0.580626
0.543879
0.608828
0.469946
0.542445
0.542550
0.488489
0.549424
0.619764
0.597745
0.534672
0.531972
0.537424
0.492259
0.541878
0.569137
0.613862
0.501862
0.506864
0.571765
0.595236
0.527902
0.531627
0.514764
0.522803
0.547374
0.525866
0.511456
0.561712
0.561270
0.555150
0.555708
0.587108
0.607993
0.536827
0.522513
0.526669
0.552285
0.532199
0.557400
0.540593
0.535792
0.599849
0.552487
0.564222
0.535859
0.576479
0.577815
0.574693
0.555986
0.496595
0.522591
0.532671
0.557046
0.547751
0.575473
0.568695
0.593787
0.517148
0.530648
0.597526
0.588899
0.535311
0.552051
0.556370
0.612011
0.502064
0.498767
0.483374
0.595909
0.567829
0.501510
0.514816
0.518737
0.498465
0.537704
0.531805
0.497707
0.482499
0.508498
0.623783
0.524268
0.564305
0.556127
0.470828
0.551435
0.533586
0.573398
0.571966
0.571929
0.567241
0.569540
0.524310
0.526225
0.508727
0.625512
0.501874
0.475473
0.581670
0.520041
0.613992
0.562071
0.515802
0.546939
0.575212
0.566403
0.570074
0.549900
0.563798
0.500302
0.549004
0.525750
0.516572
0.480914
0.568913
0.573776
0.504946
0.552837
0.528759
0.564876
0.527087
0.490121
0.591178
0.560773
0.541081
0.588633
0.560631
0.500692
0.556993
0.575923
0.574101
0.490409
0.513907
0.503369
0.554365
0.542329
0.522382
0.530786
0.537492
0.521166
0.517401
0.523766
0.478194
0.464929
0.548700
0.491593
0.509486
0.540807
0.546215
0.510800
0.521707
0.510623
0.504121
0.559719
0.557359
0.530791
0.552160
0.499015
0.495788
0.481584
0.535792
0.610721
0.488968
0.524086
0.573532
0.496109
0.533699
0.528585
0.528665
0.573503
0.501921
0.548464
0.616737
0.477079
0.554789
0.585940
0.599321
0.564739
0.522055
0.559807
0.663756
0.599469
0.532940
0.592813
0.568848
0.502944
0.591482
0.645318
0.558262
0.599583
0.558516
0.493535
0.601989
0.568239
0.484628
0.462690
0.579703
0.564553
0.578080
0.536045
0.570564
0.572696
0.496588
0.577810
0.494769
0.570557
0.511730
0.528296
0.554580
0.491629
0.549662
0.540602
0.517309
0.582924
0.610034
0.573552
0.510112
0.534534
0.548835
0.523841
0.487758
0.597344
0.504489
0.555419
0.505887
0.484650
0.525165
0.523806
0.627986
0.558360
0.587273
0.552115
0.595803
0.582326
0.497806
0.550407
0.509563
0.537968
0.554205
0.599290
0.594537
0.548276
0.511052
0.631230
0.596880
0.520829
0.514532
0.551757
0.589704
0.558621
0.548055
0.543789
0.579249
0.560310
0.664391
0.492542
0.544438
0.552536
0.575979
0.521334
0.577713
0.582405
0.528236
0.517579
0.518378
0.547864
0.461115
0.491651
0.546168
