Individual Fitting Results for State 31
Number of calculations: 416
Average SF: 0.368407
Std Dev:    0.031971
RMS Value:  0.369791

All 416 Spectroscopic Factors:
0.352176
0.359427
0.324485
0.316946
0.403918
0.357171
0.368686
0.383072
0.388401
0.350632
0.361164
0.343572
0.350754
0.364896
0.328551
0.356029
0.384350
0.426828
0.403812
0.377192
0.338620
0.403002
0.376860
0.346752
0.425588
0.370132
0.349284
0.352781
0.325743
0.375269
0.395119
0.313813
0.360781
0.422088
0.350407
0.383645
0.365652
0.334406
0.325215
0.331609
0.333393
0.347180
0.387360
0.358961
0.360720
0.346515
0.352177
0.340675
0.430248
0.374096
0.336980
0.307508
0.311297
0.381547
0.381299
0.340670
0.392259
0.331619
0.370768
0.349553
0.398092
0.311789
0.389195
0.380643
0.391237
0.368175
0.381987
0.391257
0.396667
0.377295
0.357919
0.325846
0.396039
0.441230
0.395482
0.323981
0.372993
0.337093
0.446896
0.398570
0.383880
0.353561
0.367659
0.411861
0.346359
0.356886
0.365886
0.366070
0.307857
0.391463
0.351755
0.394856
0.384105
0.416064
0.353555
0.380195
0.323451
0.392356
0.365690
0.418063
0.340927
0.370326
0.388386
0.347672
0.358891
0.370590
0.405464
0.356704
0.342271
0.351228
0.377098
0.392866
0.372993
0.406292
0.439170
0.359318
0.376516
0.343284
0.391955
0.418284
0.341877
0.362977
0.398032
0.359113
0.359426
0.419749
0.337500
0.313268
0.403159
0.379185
0.344728
0.383881
0.397364
0.330128
0.320072
0.365608
0.429370
0.396430
0.313465
0.382981
0.372878
0.340984
0.372143
0.429752
0.367350
0.377926
0.396912
0.395807
0.365033
0.426383
0.302393
0.358559
0.368295
0.316938
0.372463
0.426897
0.413191
0.360190
0.356134
0.356580
0.326857
0.362690
0.387323
0.427978
0.333882
0.337628
0.394574
0.413368
0.352331
0.357516
0.346624
0.348805
0.372894
0.354112
0.342433
0.385631
0.379264
0.374004
0.383583
0.411638
0.414372
0.362243
0.348243
0.351603
0.377090
0.358745
0.374494
0.364371
0.356438
0.415771
0.371796
0.390218
0.361548
0.397119
0.388818
0.390359
0.376751
0.327313
0.350113
0.362510
0.383885
0.369886
0.393280
0.387563
0.406909
0.338590
0.354048
0.419394
0.402458
0.360755
0.375590
0.376397
0.428832
0.333614
0.330654
0.314935
0.415756
0.390662
0.333743
0.341383
0.350871
0.329542
0.364144
0.355087
0.328817
0.315415
0.339848
0.439218
0.346368
0.384603
0.376450
0.305956
0.372728
0.359342
0.398852
0.390755
0.385791
0.379424
0.384504
0.348159
0.351306
0.338424
0.436804
0.336214
0.307413
0.401090
0.347167
0.421425
0.381210
0.342964
0.372055
0.391101
0.388425
0.395211
0.374511
0.379641
0.331851
0.369609
0.355541
0.343661
0.316444
0.385612
0.393045
0.337351
0.374549
0.355610
0.379428
0.347652
0.324211
0.405227
0.378125
0.366673
0.401436
0.378325
0.332358
0.383528
0.392972
0.393077
0.321395
0.342512
0.340035
0.377612
0.367362
0.346842
0.360714
0.368265
0.340177
0.338602
0.347267
0.310917
0.300892
0.369600
0.320911
0.333298
0.365997
0.365190
0.338833
0.349850
0.342988
0.334662
0.382070
0.381677
0.357868
0.375754
0.330129
0.322473
0.316579
0.358746
0.428791
0.322274
0.351833
0.395608
0.321206
0.356154
0.355058
0.360949
0.389922
0.331018
0.366855
0.428889
0.307238
0.376013
0.402848
0.406148
0.387223
0.350249
0.381635
0.468958
0.413728
0.359606
0.412661
0.391369
0.327694
0.405240
0.459512
0.380110
0.412537
0.374953
0.332659
0.424401
0.388378
0.312812
0.299343
0.392305
0.384972
0.399097
0.359011
0.391268
0.389613
0.327050
0.397992
0.327307
0.390522
0.334675
0.350943
0.381780
0.324352
0.378165
0.360847
0.344394
0.404843
0.425698
0.393221
0.340657
0.360444
0.372220
0.344532
0.318184
0.413628
0.327264
0.375450
0.334315
0.316504
0.353833
0.347356
0.443034
0.381286
0.405580
0.371261
0.410988
0.401280
0.334089
0.375304
0.340525
0.365917
0.375320
0.412661
0.407832
0.371259
0.343607
0.441608
0.406844
0.343992
0.342851
0.370437
0.397523
0.382339
0.365443
0.365783
0.401451
0.379834
0.471498
0.322536
0.363511
0.374846
0.398749
0.346817
0.393573
0.399481
0.354335
0.346865
0.345944
0.373928
0.297258
0.323242
0.369536
