Individual Fitting Results for State 38
Number of calculations: 416
Average SF: 1.172755
Std Dev:    0.058571
RMS Value:  1.174217

All 416 Spectroscopic Factors:
1.110845
1.131486
1.128133
1.054710
1.209941
1.174353
1.155874
1.188055
1.234520
1.132460
1.198047
1.171767
1.163635
1.168172
1.071504
1.155600
1.192307
1.245652
1.161416
1.179067
1.133010
1.285539
1.163184
1.148445
1.266420
1.186080
1.189590
1.109027
1.092262
1.175773
1.233199
1.065873
1.143364
1.216191
1.184453
1.236759
1.135321
1.115264
1.058376
1.106061
1.061070
1.201529
1.161349
1.107900
1.146259
1.137292
1.169684
1.119905
1.266653
1.184971
1.134198
1.088045
1.066552
1.185475
1.225632
1.142091
1.190176
1.206856
1.197345
1.149810
1.205972
1.157858
1.242141
1.199085
1.175354
1.149671
1.181481
1.201721
1.211282
1.223566
1.131966
1.130903
1.214585
1.302905
1.258310
1.110836
1.167394
1.114043
1.286576
1.134291
1.207903
1.138870
1.216605
1.227965
1.119079
1.084138
1.159187
1.232307
1.058686
1.238866
1.142678
1.248231
1.185707
1.218128
1.131824
1.207859
1.150490
1.247981
1.136151
1.260127
1.167947
1.192401
1.176774
1.136065
1.139748
1.185623
1.265947
1.230036
1.125553
1.227303
1.201300
1.202058
1.138258
1.207807
1.284950
1.145991
1.194792
1.154120
1.182192
1.260616
1.135359
1.147701
1.207380
1.118013
1.116641
1.263968
1.158190
1.132958
1.187535
1.138536
1.074538
1.221823
1.235982
1.135915
1.122535
1.248141
1.277683
1.201518
1.077717
1.232371
1.189018
1.137175
1.125503
1.217503
1.094803
1.114911
1.174175
1.281106
1.191671
1.282984
1.037737
1.234217
1.147824
1.134944
1.160345
1.293515
1.275137
1.154863
1.147513
1.202411
1.027441
1.233855
1.219233
1.284382
1.077132
1.113355
1.207808
1.214237
1.156354
1.117175
1.132302
1.127743
1.166088
1.172420
1.125708
1.176757
1.224144
1.179348
1.162682
1.227685
1.230829
1.198248
1.123538
1.115889
1.219922
1.147571
1.199083
1.188289
1.137118
1.231759
1.243455
1.188787
1.160288
1.232159
1.300144
1.228965
1.261615
1.146066
1.078232
1.136895
1.171412
1.153263
1.223413
1.235331
1.257639
1.156783
1.182534
1.207914
1.220478
1.156911
1.188400
1.184005
1.227719
1.126765
1.107873
1.142875
1.228109
1.225196
1.143614
1.125375
1.154504
1.094884
1.134623
1.096157
1.120115
1.063149
1.140563
1.358706
1.161819
1.163717
1.092832
1.136700
1.184325
1.154809
1.210549
1.233199
1.287612
1.185654
1.200359
1.151971
1.162091
1.112585
1.341629
1.100348
1.080916
1.168954
1.216184
1.261176
1.223681
1.143700
1.142758
1.229096
1.186479
1.179793
1.220555
1.173032
1.087023
1.203254
1.110107
1.160639
1.090048
1.173577
1.180921
1.085993
1.203443
1.122796
1.237652
1.181715
1.092595
1.223367
1.209073
1.160931
1.249484
1.219257
1.119287
1.145292
1.223408
1.190622
1.100762
1.079785
1.103427
1.202294
1.146324
1.144565
1.169918
1.168338
1.189204
1.177082
1.153925
1.090725
1.064048
1.175055
1.076241
1.136407
1.200953
1.222239
1.140362
1.107697
1.037870
1.112108
1.208477
1.187462
1.095859
1.152930
1.112420
1.089615
1.091653
1.142201
1.263188
1.138059
1.102614
1.159051
1.141479
1.195910
1.178386
1.074187
1.190389
1.103283
1.169244
1.267026
1.156296
1.203578
1.173558
1.286283
1.222366
1.134910
1.191059
1.398856
1.244489
1.150954
1.293343
1.176613
1.107499
1.225777
1.272156
1.135520
1.300104
1.183133
1.076541
1.244455
1.187379
1.076291
1.071320
1.200624
1.139775
1.223276
1.143412
1.209827
1.202633
1.167192
1.165500
1.066263
1.158676
1.140496
1.153189
1.194462
1.079424
1.148243
1.164257
1.114780
1.170740
1.302001
1.213389
1.098915
1.177226
1.187940
1.166651
1.101151
1.235408
1.087860
1.159023
1.116064
1.106969
1.169489
1.170531
1.289643
1.175875
1.233103
1.181493
1.231280
1.250596
1.071977
1.178867
1.125787
1.137131
1.186909
1.238224
1.240181
1.130842
1.133898
1.256726
1.280529
1.179112
1.141698
1.204906
1.228685
1.178187
1.178293
1.218169
1.201779
1.189769
1.300173
1.116366
1.190953
1.171847
1.198083
1.111302
1.191419
1.203833
1.160960
1.200276
1.111755
1.188155
1.037776
1.155452
1.154950
