Individual Fitting Results for State 26
Number of calculations: 416
Average SF: 0.356362
Std Dev:    0.017173
RMS Value:  0.356776

All 416 Spectroscopic Factors:
0.348681
0.331722
0.342364
0.345051
0.367522
0.364720
0.336138
0.341583
0.381140
0.345851
0.369578
0.340431
0.345719
0.355482
0.337914
0.348210
0.358674
0.363619
0.333847
0.353030
0.353373
0.379419
0.349626
0.371281
0.366141
0.362244
0.356006
0.337919
0.330907
0.369424
0.380442
0.333285
0.343535
0.344013
0.348804
0.367418
0.335264
0.343955
0.311625
0.348228
0.313924
0.356149
0.362179
0.341805
0.334171
0.349428
0.356504
0.344189
0.400816
0.355668
0.381584
0.351798
0.332853
0.365943
0.371335
0.356226
0.342629
0.361243
0.358839
0.345124
0.384085
0.349106
0.363928
0.352173
0.350168
0.346130
0.349779
0.365803
0.376306
0.376094
0.330579
0.360149
0.375488
0.368179
0.363332
0.343217
0.336897
0.351457
0.401835
0.363434
0.369204
0.348732
0.376422
0.376027
0.337037
0.328677
0.355016
0.390426
0.319244
0.367602
0.354253
0.380744
0.351133
0.356850
0.348856
0.374809
0.348529
0.376433
0.346933
0.376330
0.344592
0.369918
0.369129
0.340602
0.338587
0.358836
0.374741
0.361413
0.328904
0.368273
0.380058
0.371209
0.337417
0.359492
0.392434
0.337153
0.371530
0.351023
0.362467
0.383640
0.326165
0.330231
0.356281
0.334481
0.342680
0.392713
0.378813
0.352162
0.359229
0.354361
0.330938
0.357054
0.353592
0.356877
0.356266
0.372235
0.407098
0.384335
0.325273
0.362861
0.366689
0.352378
0.346166
0.371436
0.338031
0.362503
0.343767
0.361898
0.353306
0.390743
0.312305
0.370574
0.362038
0.349111
0.345479
0.381219
0.377381
0.340713
0.339951
0.348268
0.321907
0.380740
0.361668
0.379230
0.335232
0.354992
0.373722
0.377248
0.358072
0.347442
0.351704
0.332593
0.368054
0.371298
0.346100
0.357206
0.369112
0.351541
0.360149
0.366806
0.373683
0.365447
0.343496
0.346332
0.368721
0.352130
0.358878
0.363126
0.338743
0.366968
0.360187
0.363979
0.357873
0.370316
0.385994
0.372992
0.376524
0.365609
0.330657
0.342942
0.361206
0.350758
0.370952
0.377421
0.369809
0.346810
0.356640
0.356065
0.364644
0.352074
0.363041
0.374850
0.382078
0.344036
0.355411
0.330385
0.383116
0.362759
0.338775
0.348472
0.356015
0.343936
0.336328
0.326242
0.337204
0.315759
0.353295
0.402732
0.356071
0.344544
0.338335
0.341756
0.364770
0.372860
0.368269
0.347138
0.377219
0.361077
0.353374
0.355055
0.357281
0.342280
0.401166
0.332399
0.324317
0.353594
0.371304
0.368762
0.367780
0.325907
0.347079
0.355331
0.374662
0.351866
0.380565
0.326583
0.326385
0.375228
0.351645
0.334347
0.337212
0.344604
0.360448
0.353680
0.358742
0.340125
0.356453
0.370946
0.336542
0.362613
0.365080
0.350467
0.373624
0.361323
0.338542
0.359251
0.368095
0.356154
0.338236
0.344225
0.348646
0.375987
0.357689
0.343400
0.356871
0.369325
0.347174
0.359238
0.341810
0.347614
0.325679
0.382372
0.338369
0.353810
0.367519
0.377957
0.355027
0.350248
0.309950
0.344853
0.366697
0.363692
0.332886
0.351825
0.351526
0.342987
0.330440
0.349808
0.364725
0.349047
0.339316
0.339997
0.349699
0.355049
0.362036
0.336912
0.368207
0.339222
0.370563
0.371776
0.333161
0.355360
0.368700
0.367385
0.376522
0.343728
0.357614
0.406137
0.371800
0.344367
0.400831
0.363994
0.351736
0.384458
0.388011
0.333073
0.379208
0.351375
0.348605
0.380047
0.350783
0.332835
0.354644
0.358047
0.355273
0.352717
0.351291
0.390982
0.360835
0.369961
0.360625
0.336324
0.351631
0.341762
0.354993
0.376573
0.326011
0.357295
0.349408
0.344413
0.357513
0.389493
0.380802
0.340662
0.358544
0.354045
0.370099
0.332538
0.362839
0.333455
0.335689
0.337704
0.331685
0.348439
0.350396
0.378704
0.353356
0.367406
0.352723
0.378746
0.375726
0.342368
0.352304
0.344132
0.346264
0.365504
0.364038
0.380253
0.360814
0.343963
0.371399
0.377264
0.344670
0.371938
0.364722
0.367635
0.361407
0.345839
0.352459
0.357794
0.367611
0.395372
0.329190
0.369649
0.348499
0.391040
0.359431
0.365213
0.363923
0.346799
0.365702
0.340084
0.375128
0.318547
0.347542
0.362610
