Individual Fitting Results for State 35
Number of calculations: 416
Average SF: 2.981928
Std Dev:    0.146389
RMS Value:  2.985519

All 416 Spectroscopic Factors:
2.822079
2.877239
2.874321
2.685417
3.076014
2.986949
2.944146
3.022082
3.128394
2.880133
3.046581
2.971742
2.963909
2.968417
2.727943
2.940661
3.033224
3.165038
2.960878
2.996489
2.886370
3.266878
2.954794
2.918351
3.217556
3.016834
3.020601
2.824162
2.778776
2.995452
3.130727
2.716894
2.909327
3.109094
3.009737
3.139958
2.887930
2.836508
2.696310
2.814357
2.708757
3.056146
2.949930
2.825444
2.919933
2.895640
2.971937
2.849266
3.211155
3.014047
2.889357
2.775874
2.717722
3.010061
3.115626
2.908529
3.029905
3.057309
3.038534
2.924160
3.068237
2.947251
3.158096
3.048175
2.989465
2.930078
3.006198
3.058391
3.076336
3.109185
2.881328
2.874244
3.087883
3.313783
3.196904
2.824037
2.972443
2.834836
3.261906
2.884322
3.070776
2.899828
3.090611
3.118939
2.844640
2.763851
2.949338
3.127809
2.699878
3.142663
2.903698
3.167102
3.019621
3.101798
2.883701
3.067339
2.927956
3.175296
2.888677
3.197738
2.967848
3.029315
2.990143
2.893778
2.904880
3.009435
3.218110
3.121861
2.868852
3.111752
3.050985
3.056394
2.900790
3.077843
3.256985
2.917658
3.034752
2.936017
3.010372
3.197266
2.891158
2.924653
3.067322
2.850863
2.839536
3.205117
2.941891
2.878426
3.019190
2.893061
2.737948
3.107034
3.146632
2.891911
2.864251
3.166664
3.245324
3.050426
2.745001
3.131182
3.022112
2.893317
2.864561
3.094892
2.787046
2.835352
2.989581
3.256260
3.028209
3.255102
2.649687
3.134820
2.913812
2.886721
2.950622
3.285838
3.236734
2.940879
2.918668
3.061732
2.622783
3.126367
3.094318
3.262352
2.742641
2.826403
3.064061
3.085538
2.941804
2.844054
2.877281
2.871623
2.963991
2.980404
2.859873
2.989985
3.111971
2.999114
2.952034
3.118096
3.131584
3.041202
2.860820
2.839471
3.096866
2.918248
3.047699
3.021267
2.891395
3.132683
3.156133
3.022490
2.948230
3.131723
3.300561
3.125677
3.204026
2.910339
2.748226
2.886640
2.973194
2.930247
3.106117
3.131618
3.198910
2.948535
3.004804
3.071652
3.104119
2.940519
3.020176
3.006503
3.114849
2.864742
2.813115
2.906252
3.119438
3.105231
2.907128
2.864083
2.936385
2.786512
2.887920
2.796677
2.848822
2.709250
2.898480
3.441301
2.956415
2.963250
2.784399
2.885304
3.007675
2.934605
3.078061
3.134837
3.266988
3.019091
3.055545
2.925687
2.953486
2.827337
3.406876
2.798277
2.754958
2.973315
3.087616
3.208204
3.107022
2.910684
2.905955
3.127390
3.010176
3.000142
3.098004
2.995953
2.764275
3.058779
2.821993
2.948935
2.776908
2.985576
3.007642
2.764259
3.057351
2.859554
3.146810
3.010953
2.778964
3.104472
3.074088
2.950109
3.175731
3.100647
2.847697
2.912851
3.106495
3.026945
2.803848
2.749437
2.806141
3.049648
2.916572
2.909459
2.970148
2.961574
3.022256
2.997159
2.942499
2.776669
2.714122
2.990434
2.739358
2.890503
3.052247
3.103522
2.900271
2.817634
2.648651
2.824464
3.072288
3.018725
2.788345
2.932670
2.827081
2.775763
2.777446
2.905140
3.213800
2.889412
2.809759
2.947782
2.903765
3.039097
2.992265
2.734415
3.030627
2.804314
2.967961
3.217936
2.944171
3.063060
2.983977
3.270254
3.101970
2.886316
3.025639
3.550960
3.162130
2.927968
3.280249
2.988018
2.820114
3.110256
3.228070
2.893734
3.300154
3.008609
2.737911
3.162046
3.023132
2.738941
2.730216
3.049500
2.896541
3.113734
2.910329
3.071528
3.059328
2.964248
2.963033
2.710381
2.943059
2.906447
2.932507
3.026253
2.750108
2.916190
2.958681
2.838299
2.978170
3.298676
3.081235
2.792029
2.990187
3.020414
2.969500
2.801153
3.142261
2.774568
2.951634
2.839321
2.817753
2.973793
2.978625
3.276370
2.991203
3.134274
3.004038
3.128203
3.172696
2.727869
3.002064
2.864597
2.887584
3.015348
3.147573
3.154753
2.879273
2.879651
3.191913
3.254053
3.000317
2.900572
3.065244
3.121967
3.000303
3.003626
3.094988
3.057346
3.022729
3.302530
2.843071
3.026423
2.980608
3.038404
2.827112
3.028266
3.061031
2.950423
3.048654
2.826630
3.017456
2.644981
2.940966
2.934979
