Individual Fitting Results for State 15
Number of calculations: 416
Average SF: 0.263199
Std Dev:    0.010905
RMS Value:  0.263425

All 416 Spectroscopic Factors:
0.253462
0.251477
0.255116
0.239089
0.269086
0.268277
0.260790
0.268082
0.272922
0.255779
0.267420
0.261304
0.266325
0.260858
0.247282
0.258498
0.265732
0.277110
0.262287
0.265932
0.262454
0.282178
0.261002
0.261245
0.279897
0.267328
0.267652
0.252650
0.248329
0.269051
0.271045
0.247523
0.259780
0.279434
0.266074
0.274450
0.253892
0.250779
0.240555
0.249430
0.247857
0.271061
0.260038
0.250010
0.260540
0.259671
0.261060
0.252789
0.273866
0.265535
0.258315
0.251121
0.247114
0.263038
0.269350
0.260904
0.270731
0.261968
0.266757
0.260342
0.269041
0.262202
0.276643
0.265118
0.262414
0.260113
0.265859
0.269406
0.269385
0.274809
0.255488
0.255619
0.272115
0.286501
0.280978
0.252700
0.264728
0.253920
0.277489
0.255237
0.272930
0.265331
0.273129
0.271060
0.251282
0.250275
0.259709
0.275030
0.244336
0.273808
0.253568
0.279603
0.266960
0.275878
0.259759
0.266121
0.261266
0.280385
0.257351
0.276493
0.262173
0.268988
0.260367
0.259410
0.260668
0.262297
0.281137
0.272417
0.257868
0.271961
0.264355
0.270917
0.262439
0.268391
0.277310
0.260182
0.265391
0.265151
0.268367
0.276882
0.255715
0.263564
0.266702
0.253596
0.248837
0.276697
0.260820
0.254709
0.268053
0.258855
0.245228
0.273324
0.278669
0.259010
0.257320
0.273487
0.275921
0.267590
0.245570
0.272888
0.264012
0.254738
0.252977
0.274474
0.247328
0.255225
0.264122
0.283178
0.269062
0.278351
0.242818
0.279571
0.254064
0.256557
0.264137
0.289761
0.281190
0.258956
0.258603
0.268247
0.238801
0.276854
0.269442
0.283347
0.244040
0.251523
0.266443
0.269638
0.262190
0.252814
0.253149
0.255307
0.260008
0.260325
0.251441
0.261525
0.273830
0.267223
0.256622
0.268237
0.280449
0.264704
0.256258
0.255301
0.269789
0.259267
0.271935
0.267156
0.260238
0.273256
0.276215
0.264714
0.260891
0.272474
0.288346
0.274668
0.277158
0.257346
0.246539
0.253100
0.258472
0.261345
0.271969
0.275674
0.279954
0.263801
0.267283
0.266558
0.273295
0.258099
0.264331
0.266435
0.273723
0.252979
0.252507
0.256498
0.269266
0.269841
0.254742
0.255531
0.253304
0.247036
0.254928
0.252255
0.251508
0.242115
0.254914
0.295186
0.265829
0.262581
0.250988
0.253764
0.266904
0.259037
0.264204
0.274705
0.289410
0.270721
0.272663
0.259746
0.258790
0.248951
0.292275
0.244623
0.249259
0.262432
0.267371
0.284012
0.272494
0.258590
0.256984
0.275932
0.265679
0.261874
0.269042
0.268450
0.245547
0.268117
0.248961
0.259540
0.245471
0.269760
0.265437
0.245271
0.267229
0.254283
0.276952
0.267637
0.246144
0.274139
0.269916
0.258231
0.279734
0.274216
0.251209
0.255098
0.274914
0.265705
0.252307
0.243968
0.245396
0.266495
0.257989
0.260217
0.259087
0.256802
0.273741
0.267399
0.262874
0.248939
0.244328
0.264785
0.247531
0.259316
0.265233
0.273809
0.255659
0.251749
0.237462
0.251331
0.266926
0.262643
0.248406
0.258288
0.250180
0.252058
0.246607
0.258842
0.277009
0.253053
0.250190
0.258342
0.259670
0.267016
0.261576
0.241794
0.271326
0.251906
0.265894
0.283158
0.261529
0.267048
0.265124
0.289086
0.268987
0.254177
0.263832
0.304677
0.277853
0.256611
0.281308
0.260300
0.257258
0.275645
0.279191
0.257173
0.286714
0.268907
0.238806
0.271620
0.266484
0.243549
0.242996
0.273648
0.259299
0.269384
0.258635
0.269620
0.269964
0.261234
0.262103
0.244447
0.260311
0.260685
0.260626
0.262263
0.246674
0.255023
0.264440
0.253015
0.262118
0.285105
0.268755
0.246235
0.261035
0.264250
0.266175
0.251856
0.275221
0.252251
0.261921
0.251483
0.251375
0.260069
0.263934
0.281143
0.262177
0.272586
0.266830
0.274257
0.275012
0.240164
0.263373
0.252798
0.254523
0.266082
0.277422
0.279045
0.256959
0.251887
0.278324
0.284837
0.264156
0.255173
0.269690
0.279593
0.263866
0.268809
0.272137
0.265752
0.267088
0.288011
0.252503
0.266933
0.261644
0.263254
0.254684
0.268275
0.268777
0.259939
0.263101
0.252428
0.263443
0.237878
0.259097
0.258675
