Individual Fitting Results for State 13
Number of calculations: 416
Average SF: 0.736717
Std Dev:    0.035320
RMS Value:  0.737564

All 416 Spectroscopic Factors:
0.707700
0.701062
0.708472
0.664003
0.753053
0.748626
0.720622
0.743299
0.774063
0.711406
0.756518
0.732349
0.735375
0.733407
0.679911
0.722390
0.743701
0.781512
0.722191
0.743239
0.726735
0.803205
0.731029
0.732247
0.790615
0.749664
0.749093
0.699500
0.684220
0.748929
0.771760
0.679886
0.721385
0.766416
0.745423
0.772517
0.708293
0.700347
0.662040
0.695466
0.674302
0.760472
0.731445
0.692634
0.719217
0.722503
0.733681
0.706038
0.787506
0.743209
0.722783
0.695699
0.680890
0.742321
0.764332
0.725777
0.751902
0.745775
0.751154
0.725156
0.758187
0.729936
0.778448
0.744795
0.732318
0.718820
0.742538
0.752573
0.760109
0.774224
0.707493
0.717318
0.765699
0.807951
0.791659
0.705773
0.735003
0.706853
0.796590
0.711208
0.763095
0.729719
0.772479
0.765814
0.702548
0.687284
0.726339
0.781275
0.669410
0.774044
0.713112
0.788584
0.742540
0.767817
0.716182
0.753888
0.726543
0.784221
0.715865
0.787345
0.731684
0.755117
0.735178
0.718737
0.719190
0.737635
0.790260
0.767647
0.708689
0.772718
0.747014
0.758483
0.720447
0.751567
0.793996
0.721434
0.749948
0.740014
0.747009
0.786871
0.705762
0.723411
0.751223
0.700286
0.695643
0.789802
0.737265
0.713033
0.748739
0.722016
0.677501
0.763812
0.779425
0.724214
0.712590
0.774959
0.791784
0.756816
0.679541
0.767289
0.745035
0.710595
0.701627
0.767170
0.685684
0.714051
0.735047
0.799545
0.753219
0.796700
0.658459
0.785667
0.716257
0.718511
0.736394
0.818185
0.795355
0.721259
0.717522
0.749819
0.653069
0.782974
0.761089
0.802946
0.676073
0.705466
0.754446
0.758794
0.732187
0.701046
0.711177
0.707468
0.733004
0.734495
0.703839
0.735046
0.772026
0.744191
0.725855
0.759545
0.782350
0.748896
0.711039
0.709463
0.766690
0.725233
0.758461
0.750962
0.720563
0.766859
0.777209
0.743951
0.730788
0.768231
0.817477
0.772109
0.786976
0.723984
0.676555
0.708853
0.728120
0.729600
0.767377
0.780078
0.789011
0.730059
0.750993
0.748135
0.767821
0.721894
0.740364
0.748649
0.774613
0.706397
0.704419
0.713209
0.762558
0.764042
0.713578
0.710477
0.715414
0.689138
0.706284
0.690164
0.700798
0.667538
0.716279
0.850202
0.742224
0.732223
0.689871
0.711057
0.748221
0.730600
0.746458
0.769039
0.813564
0.749363
0.759561
0.724649
0.727404
0.694203
0.835714
0.682305
0.685610
0.731722
0.756353
0.791558
0.766263
0.717988
0.717301
0.770828
0.750960
0.733623
0.761035
0.731987
0.680141
0.757519
0.696411
0.725832
0.680036
0.745359
0.741474
0.684488
0.751009
0.704967
0.773646
0.748848
0.686658
0.771768
0.760621
0.722959
0.788868
0.769125
0.701485
0.715276
0.774380
0.743587
0.697235
0.675086
0.689114
0.755513
0.723055
0.723649
0.730158
0.731396
0.758865
0.746992
0.725404
0.691439
0.671874
0.743943
0.685191
0.721420
0.746687
0.768175
0.714429
0.701460
0.648908
0.701436
0.751260
0.738539
0.687622
0.723622
0.700957
0.697553
0.683684
0.721135
0.782520
0.715437
0.692167
0.720339
0.725436
0.746735
0.737791
0.669168
0.757743
0.697785
0.744689
0.799910
0.723736
0.750165
0.739235
0.813272
0.764757
0.711796
0.744638
0.871077
0.782454
0.717063
0.805060
0.732056
0.712670
0.777439
0.791981
0.707051
0.812888
0.746443
0.668979
0.770944
0.742130
0.678326
0.679509
0.762975
0.720529
0.758751
0.719531
0.763580
0.754357
0.738337
0.732291
0.677404
0.727565
0.717705
0.725690
0.748599
0.682502
0.716795
0.735592
0.702434
0.733097
0.814017
0.759898
0.686339
0.734230
0.745086
0.744608
0.698095
0.772166
0.689433
0.724339
0.698021
0.696592
0.728971
0.737559
0.797449
0.734515
0.769214
0.744821
0.772875
0.781979
0.669871
0.736493
0.708397
0.712226
0.747483
0.776132
0.784422
0.712646
0.706663
0.786250
0.804092
0.736294
0.718142
0.756855
0.780424
0.739961
0.742202
0.764065
0.746037
0.750447
0.812708
0.696126
0.750693
0.730644
0.749046
0.710475
0.751206
0.752832
0.727260
0.743338
0.700948
0.744166
0.653637
0.726384
0.725104
