Individual Fitting Results for State 20
Number of calculations: 416
Average SF: 0.538549
Std Dev:    0.023906
RMS Value:  0.539080

All 416 Spectroscopic Factors:
0.511411
0.519111
0.522804
0.488042
0.553805
0.543225
0.535046
0.547471
0.559975
0.522422
0.548177
0.535654
0.540110
0.534915
0.498432
0.530473
0.546457
0.567188
0.538115
0.542263
0.528129
0.583455
0.532854
0.527904
0.576200
0.546153
0.546725
0.514280
0.506956
0.543794
0.559148
0.498567
0.527832
0.567484
0.543576
0.565275
0.520874
0.513488
0.490172
0.510395
0.498316
0.553252
0.529169
0.512180
0.531947
0.526490
0.535717
0.516378
0.568535
0.544659
0.524383
0.508376
0.497539
0.541142
0.557784
0.528850
0.549400
0.546361
0.546401
0.530181
0.551784
0.537457
0.569267
0.548009
0.539067
0.532978
0.542603
0.552197
0.552611
0.560814
0.522569
0.521076
0.556193
0.593664
0.575126
0.512047
0.538630
0.514885
0.578018
0.520923
0.556269
0.531956
0.556700
0.560176
0.512359
0.505251
0.533280
0.561386
0.494818
0.563554
0.522729
0.570509
0.546896
0.562090
0.526965
0.549796
0.532789
0.574242
0.522942
0.570564
0.537238
0.547914
0.536751
0.526650
0.530157
0.540854
0.579813
0.561293
0.524164
0.558904
0.547025
0.552341
0.530394
0.554033
0.578531
0.528830
0.544813
0.533493
0.546425
0.571509
0.525879
0.535197
0.550419
0.518384
0.512024
0.571427
0.529633
0.522116
0.544952
0.524176
0.497437
0.561402
0.568885
0.524535
0.524464
0.568204
0.575779
0.547335
0.500725
0.563524
0.543640
0.524190
0.518472
0.558722
0.505141
0.513281
0.538886
0.583910
0.547013
0.578963
0.489391
0.568380
0.523335
0.523912
0.533536
0.590992
0.580492
0.531419
0.529697
0.553787
0.480862
0.563684
0.555277
0.583533
0.498000
0.511005
0.548030
0.554035
0.533036
0.515903
0.517761
0.521650
0.532606
0.535905
0.515919
0.537754
0.561296
0.543722
0.528465
0.556227
0.567842
0.545104
0.519717
0.516105
0.554814
0.527861
0.552215
0.544331
0.525254
0.563375
0.568294
0.542802
0.532580
0.561622
0.593434
0.563701
0.573922
0.525498
0.501628
0.519377
0.533071
0.529769
0.558440
0.562204
0.575146
0.538333
0.542425
0.550755
0.559753
0.530424
0.544202
0.542138
0.558165
0.519151
0.509289
0.527413
0.557568
0.555933
0.524587
0.520263
0.526872
0.504469
0.523904
0.511704
0.515493
0.493994
0.522322
0.610346
0.536976
0.535775
0.507419
0.521607
0.543413
0.527636
0.549781
0.564410
0.590241
0.550466
0.553925
0.530059
0.531356
0.511620
0.606979
0.505142
0.504791
0.536119
0.555223
0.580289
0.559559
0.527676
0.524881
0.564378
0.540561
0.538801
0.554655
0.547913
0.502150
0.550366
0.509073
0.531630
0.504628
0.542623
0.543461
0.500755
0.549628
0.518924
0.568982
0.546453
0.504348
0.558267
0.553865
0.532306
0.571766
0.560503
0.514318
0.524138
0.559579
0.545541
0.511321
0.500098
0.504604
0.546705
0.526629
0.529578
0.533138
0.528277
0.551802
0.544165
0.536684
0.505896
0.496600
0.539312
0.499856
0.526037
0.548628
0.561174
0.524639
0.510852
0.483652
0.510995
0.551494
0.542262
0.505923
0.529299
0.510228
0.507963
0.504164
0.526556
0.575445
0.519247
0.510755
0.531877
0.527627
0.549143
0.538390
0.495819
0.548793
0.510615
0.538363
0.577286
0.536677
0.551310
0.539453
0.590733
0.553730
0.520910
0.542597
0.631590
0.568672
0.528469
0.583153
0.536963
0.517065
0.559849
0.575800
0.526009
0.590959
0.546462
0.492701
0.563839
0.546465
0.497837
0.495357
0.552489
0.525397
0.558389
0.528382
0.550675
0.552603
0.534221
0.534468
0.493083
0.530806
0.531000
0.531431
0.540081
0.501478
0.523933
0.536848
0.515332
0.536563
0.588364
0.552075
0.505260
0.538230
0.543328
0.539331
0.510830
0.564401
0.509716
0.536095
0.515566
0.512438
0.536138
0.539501
0.584199
0.538139
0.562204
0.543610
0.562655
0.566867
0.492647
0.541248
0.517681
0.520596
0.543955
0.567241
0.568705
0.523188
0.518287
0.571790
0.585883
0.543817
0.523175
0.553632
0.566464
0.541039
0.547644
0.557300
0.548937
0.545860
0.591716
0.518185
0.545459
0.538818
0.542448
0.512897
0.547505
0.551957
0.533528
0.547585
0.512859
0.541764
0.484371
0.532411
0.528697
