Individual Fitting Results for State 36
Number of calculations: 416
Average SF: 1.653509
Std Dev:    0.076849
RMS Value:  1.655294

All 416 Spectroscopic Factors:
1.570547
1.594981
1.598442
1.494059
1.701994
1.663537
1.636189
1.678356
1.730361
1.602040
1.684681
1.650924
1.649830
1.644973
1.523065
1.628143
1.678017
1.746414
1.643675
1.664732
1.610943
1.798204
1.639024
1.621705
1.774906
1.674656
1.679944
1.572589
1.550873
1.663172
1.725975
1.518868
1.617028
1.723637
1.670208
1.740119
1.599547
1.575825
1.499402
1.564240
1.513523
1.696417
1.630446
1.566112
1.625207
1.610792
1.647691
1.583210
1.761602
1.671139
1.604940
1.548341
1.517561
1.666787
1.718001
1.617716
1.681666
1.689963
1.683635
1.625671
1.695714
1.643457
1.748444
1.685260
1.655485
1.627860
1.664749
1.693538
1.701752
1.723435
1.600671
1.599294
1.709341
1.825683
1.768731
1.571013
1.649044
1.577221
1.789747
1.599699
1.706162
1.622142
1.712011
1.724814
1.575513
1.540828
1.635658
1.730186
1.507327
1.738253
1.608213
1.756718
1.674360
1.720314
1.607594
1.694642
1.630540
1.760043
1.604719
1.761712
1.649745
1.682915
1.653028
1.609519
1.617596
1.666599
1.781645
1.729038
1.598886
1.724162
1.685787
1.695300
1.617670
1.698892
1.790758
1.619516
1.678134
1.633785
1.671805
1.765054
1.608543
1.631670
1.695124
1.583059
1.573642
1.766310
1.630542
1.602508
1.673517
1.609195
1.521540
1.722632
1.742646
1.606732
1.596480
1.752404
1.779314
1.686815
1.529816
1.733070
1.672422
1.607121
1.589275
1.715889
1.547943
1.574921
1.652632
1.796804
1.680236
1.789733
1.484349
1.744388
1.613218
1.605903
1.637166
1.817789
1.789217
1.628759
1.623401
1.696635
1.463135
1.738439
1.711849
1.798438
1.524559
1.572102
1.691929
1.705259
1.633902
1.579794
1.593542
1.596128
1.639299
1.648110
1.586521
1.654601
1.724361
1.666876
1.629899
1.716660
1.739325
1.681492
1.590506
1.580355
1.710789
1.620158
1.694145
1.672669
1.609659
1.731768
1.749661
1.669622
1.636265
1.728703
1.827349
1.730623
1.768315
1.616283
1.530943
1.599597
1.644031
1.627484
1.719571
1.734726
1.766918
1.641942
1.666963
1.694560
1.718619
1.630481
1.673171
1.668206
1.721868
1.592776
1.565426
1.616833
1.719537
1.717419
1.611883
1.592732
1.621313
1.547196
1.604617
1.558437
1.582048
1.508841
1.606480
1.891013
1.644263
1.641365
1.550088
1.604533
1.670438
1.623967
1.694320
1.734737
1.815331
1.681615
1.695712
1.628218
1.634545
1.571575
1.873182
1.551937
1.538708
1.646500
1.710262
1.779035
1.722225
1.616449
1.611503
1.731524
1.666985
1.657348
1.711227
1.665654
1.539382
1.692325
1.564772
1.634921
1.543819
1.661224
1.664788
1.535183
1.691629
1.588065
1.745986
1.671382
1.546358
1.719978
1.701929
1.636142
1.757282
1.719342
1.578497
1.610977
1.721890
1.676203
1.562181
1.530376
1.552097
1.686925
1.615952
1.622537
1.642955
1.634102
1.689049
1.665422
1.636379
1.547184
1.513277
1.655477
1.528502
1.610837
1.687780
1.724630
1.609982
1.566211
1.474335
1.570729
1.697014
1.668141
1.550564
1.625219
1.568906
1.549884
1.545304
1.614357
1.769809
1.600204
1.561553
1.633288
1.616468
1.686673
1.657880
1.519459
1.681265
1.564985
1.654458
1.777555
1.640872
1.693089
1.655750
1.812480
1.710296
1.599646
1.671683
1.950083
1.749109
1.621882
1.803704
1.653738
1.577596
1.724647
1.777943
1.607258
1.821579
1.674520
1.515485
1.739630
1.674571
1.524649
1.515900
1.696417
1.612442
1.716000
1.617650
1.697604
1.695586
1.643920
1.642181
1.511549
1.632774
1.619703
1.629638
1.670919
1.531980
1.614007
1.646863
1.577642
1.648199
1.820071
1.701932
1.552230
1.656402
1.670462
1.651040
1.563176
1.734777
1.550693
1.640045
1.579944
1.568492
1.647344
1.653584
1.801669
1.653615
1.729993
1.667951
1.731172
1.750499
1.512421
1.659815
1.588161
1.602095
1.672806
1.742779
1.745948
1.601040
1.595464
1.761771
1.800827
1.666454
1.609282
1.699090
1.737712
1.659182
1.670918
1.714215
1.687775
1.677510
1.822311
1.583370
1.677225
1.653374
1.676647
1.572210
1.680950
1.695254
1.638647
1.686069
1.572695
1.668918
1.477171
1.632138
1.626013
