Individual Fitting Results for State 4
Number of calculations: 416
Average SF: 0.927925
Std Dev:    0.042972
RMS Value:  0.928919

All 416 Spectroscopic Factors:
0.891484
0.883658
0.893960
0.866523
0.956507
0.928345
0.890475
0.911226
0.983572
0.895553
0.960897
0.911332
0.912046
0.928541
0.858120
0.918015
0.941055
0.969218
0.881120
0.919967
0.903847
1.010317
0.916729
0.939776
0.978152
0.936103
0.931199
0.876539
0.856210
0.940142
0.987221
0.854582
0.897871
0.923957
0.927872
0.962088
0.896475
0.894309
0.834470
0.892955
0.826715
0.939761
0.938299
0.884685
0.884123
0.901652
0.932635
0.894272
1.034127
0.930741
0.940653
0.889598
0.857047
0.944232
0.974506
0.916272
0.915035
0.957007
0.941334
0.904383
0.976723
0.908589
0.967909
0.935950
0.922720
0.899490
0.921244
0.945754
0.964245
0.973590
0.879481
0.914593
0.966707
0.993899
0.968611
0.894031
0.906036
0.900823
1.034623
0.915670
0.953050
0.895351
0.969240
0.964715
0.895968
0.850736
0.919921
0.999528
0.840260
0.967883
0.917753
0.983495
0.921582
0.942474
0.890667
0.967674
0.908525
0.976065
0.901506
0.997057
0.913570
0.946767
0.947391
0.891974
0.881883
0.936567
0.981629
0.955900
0.874177
0.967094
0.972496
0.950858
0.882820
0.946881
1.017193
0.895232
0.960811
0.911109
0.930892
0.995533
0.869895
0.878575
0.942832
0.876204
0.891013
1.009311
0.953795
0.902215
0.936789
0.903082
0.856241
0.943135
0.948159
0.913206
0.901503
0.975702
1.041933
0.970829
0.852893
0.955314
0.944573
0.902212
0.893849
0.958338
0.869888
0.909975
0.914290
0.991494
0.929830
1.019820
0.813185
0.968048
0.927794
0.911510
0.914840
1.003551
0.987969
0.907030
0.891973
0.929223
0.822334
0.977076
0.954137
1.001587
0.866434
0.902915
0.969126
0.965940
0.923951
0.892674
0.921183
0.876673
0.944187
0.951157
0.901679
0.931694
0.964471
0.923354
0.938160
0.973067
0.964311
0.955642
0.892124
0.893063
0.968717
0.911676
0.938110
0.947942
0.893053
0.961313
0.961500
0.946336
0.921432
0.972596
1.013772
0.966421
0.994019
0.929881
0.852407
0.905406
0.935954
0.911077
0.964384
0.979920
0.980900
0.907199
0.939229
0.945825
0.953603
0.920879
0.941748
0.952495
0.979743
0.890953
0.901707
0.891440
0.982463
0.952162
0.906164
0.897165
0.930452
0.888329
0.882254
0.855482
0.892480
0.841804
0.917784
1.068171
0.922212
0.909873
0.865062
0.898690
0.937502
0.949183
0.969011
0.944172
0.990629
0.924675
0.934032
0.912423
0.931360
0.884776
1.054015
0.873466
0.853769
0.923947
0.964978
0.968318
0.956616
0.889410
0.907674
0.950017
0.953015
0.927936
0.984692
0.880139
0.854388
0.966722
0.902704
0.915603
0.870948
0.910113
0.933774
0.886941
0.948975
0.888269
0.950881
0.951127
0.871509
0.947505
0.952679
0.913300
0.979669
0.954801
0.898935
0.918547
0.961636
0.936755
0.877352
0.870771
0.903445
0.966499
0.919923
0.887952
0.935338
0.956814
0.922201
0.934080
0.899615
0.882686
0.847915
0.963044
0.868930
0.906244
0.951758
0.961814
0.916555
0.892128
0.813390
0.892983
0.959002
0.945144
0.869501
0.910623
0.901393
0.869977
0.869716
0.905742
0.974424
0.925214
0.873790
0.900053
0.906907
0.936287
0.943023
0.861902
0.947027
0.876196
0.932790
0.986535
0.894600
0.942035
0.936903
0.975874
0.985173
0.900329
0.945756
1.080855
0.973414
0.911895
1.041126
0.936281
0.886086
0.977050
1.001787
0.879498
1.006461
0.914180
0.891924
0.992993
0.926333
0.865151
0.893173
0.933941
0.904044
0.950628
0.907896
0.986891
0.941375
0.948284
0.927271
0.858587
0.913962
0.890767
0.916113
0.967985
0.856826
0.918741
0.911964
0.890819
0.924263
1.017516
0.980344
0.875818
0.929617
0.935163
0.937605
0.865993
0.968318
0.855717
0.890978
0.880634
0.877408
0.921778
0.923991
1.002711
0.933588
0.967306
0.925914
0.973084
0.984265
0.875692
0.930275
0.901897
0.904061
0.940115
0.962907
0.986824
0.908791
0.903422
0.976387
0.988571
0.914572
0.937083
0.948014
0.953373
0.936989
0.911527
0.940924
0.944405
0.941327
1.018463
0.867339
0.952055
0.911809
0.985144
0.903028
0.939898
0.944980
0.910854
0.952917
0.882748
0.953089
0.834729
0.920427
0.931407
