Individual Fitting Results for State 8
Number of calculations: 416
Average SF: 0.347623
Std Dev:    0.015803
RMS Value:  0.347982

All 416 Spectroscopic Factors:
0.333299
0.333429
0.335501
0.313138
0.355467
0.351557
0.343700
0.353244
0.361318
0.336257
0.354744
0.346021
0.348740
0.346182
0.321616
0.341535
0.351578
0.369511
0.345730
0.351163
0.342715
0.377593
0.345630
0.341848
0.372938
0.353401
0.352968
0.331978
0.325052
0.351010
0.361020
0.322380
0.341386
0.368082
0.351591
0.364403
0.337432
0.331133
0.316525
0.328294
0.322866
0.358344
0.343345
0.328024
0.343288
0.340333
0.345326
0.333425
0.366854
0.351532
0.336712
0.327706
0.322267
0.349370
0.359343
0.341203
0.357494
0.350414
0.353692
0.343124
0.354326
0.345049
0.368010
0.353047
0.346705
0.342211
0.351220
0.354984
0.356846
0.363062
0.336902
0.336901
0.358998
0.383114
0.374239
0.332923
0.350250
0.332491
0.371665
0.334757
0.359210
0.345022
0.362005
0.360234
0.332329
0.327133
0.343240
0.363901
0.319350
0.364492
0.336220
0.369915
0.352234
0.364509
0.339415
0.353687
0.342788
0.369476
0.338710
0.369735
0.346316
0.354751
0.345044
0.340564
0.342438
0.347492
0.372871
0.362218
0.337445
0.362826
0.349342
0.356575
0.343093
0.355704
0.371530
0.342700
0.351747
0.347801
0.352688
0.368468
0.337439
0.345995
0.354526
0.333868
0.329398
0.368487
0.342867
0.335350
0.353224
0.340346
0.321153
0.361862
0.370052
0.339116
0.335714
0.364403
0.369076
0.353146
0.323801
0.362821
0.349787
0.335637
0.332496
0.361057
0.325392
0.334908
0.349915
0.378685
0.355179
0.373003
0.314789
0.368895
0.336252
0.338906
0.348428
0.384537
0.374756
0.342436
0.340617
0.356969
0.310069
0.366440
0.358984
0.377578
0.320503
0.331675
0.353633
0.356382
0.344531
0.331551
0.334643
0.336924
0.343575
0.344795
0.331919
0.347430
0.362692
0.352858
0.341586
0.357541
0.369308
0.351285
0.335922
0.335192
0.359937
0.341788
0.358017
0.352708
0.341827
0.362262
0.366902
0.350181
0.344229
0.361779
0.382447
0.363469
0.370516
0.338679
0.322138
0.335128
0.342500
0.344097
0.361000
0.365055
0.372317
0.346434
0.353143
0.354431
0.362511
0.341023
0.348994
0.350196
0.362484
0.334546
0.329936
0.339149
0.357086
0.359674
0.338257
0.336162
0.337252
0.325457
0.336052
0.329974
0.332456
0.320175
0.336844
0.397011
0.348837
0.348076
0.327195
0.335552
0.351913
0.341540
0.351134
0.365584
0.383118
0.354780
0.360200
0.341694
0.342434
0.328669
0.391245
0.323873
0.326128
0.346377
0.355009
0.374552
0.360668
0.342989
0.339883
0.364763
0.350913
0.346616
0.355956
0.352025
0.323321
0.354880
0.328108
0.346154
0.322035
0.353035
0.350552
0.321830
0.354169
0.334595
0.366863
0.351285
0.325035
0.362913
0.358344
0.341919
0.371324
0.363458
0.332638
0.337230
0.364024
0.351608
0.329227
0.319567
0.324355
0.353867
0.340780
0.343176
0.343949
0.342146
0.359291
0.350662
0.345057
0.325948
0.318888
0.347793
0.323977
0.339521
0.351393
0.360597
0.337226
0.330207
0.310956
0.330999
0.353773
0.348386
0.326610
0.341534
0.328787
0.329138
0.324231
0.340764
0.370600
0.336699
0.328456
0.342959
0.341223
0.352907
0.346980
0.316953
0.355450
0.330185
0.348890
0.377082
0.344362
0.354628
0.347927
0.385277
0.358150
0.337385
0.351313
0.409087
0.368785
0.340372
0.375746
0.344664
0.335709
0.363259
0.371523
0.338114
0.382935
0.353714
0.314451
0.361100
0.351988
0.322565
0.318252
0.360084
0.339781
0.360536
0.340625
0.355850
0.355644
0.345226
0.344960
0.319917
0.343398
0.340042
0.342166
0.350001
0.324425
0.337407
0.347267
0.332218
0.345577
0.381451
0.355693
0.324960
0.345598
0.351751
0.348310
0.330632
0.364933
0.327545
0.345575
0.330911
0.330380
0.344822
0.348357
0.375810
0.347170
0.362893
0.352439
0.362766
0.367186
0.315698
0.348530
0.334947
0.336729
0.350371
0.366790
0.367756
0.335704
0.334281
0.370915
0.379375
0.349016
0.335899
0.356279
0.367737
0.348552
0.352832
0.360242
0.352660
0.352895
0.381902
0.332237
0.352092
0.346345
0.348871
0.332767
0.353587
0.355369
0.344014
0.350180
0.331688
0.348150
0.311841
0.343383
0.340454
