Individual Fitting Results for State 12
Number of calculations: 416
Average SF: 1.339956
Std Dev:    0.062108
RMS Value:  1.341394

All 416 Spectroscopic Factors:
1.278907
1.281160
1.285938
1.230896
1.385822
1.373594
1.304603
1.332159
1.411567
1.289736
1.377799
1.291766
1.321434
1.329633
1.231005
1.314712
1.357263
1.407897
1.312902
1.341905
1.320382
1.447497
1.328473
1.336631
1.429315
1.378150
1.350341
1.277584
1.248193
1.363013
1.398654
1.245108
1.305146
1.382616
1.335254
1.397523
1.288627
1.276778
1.202641
1.290213
1.212034
1.374818
1.321054
1.264636
1.303242
1.314843
1.335006
1.285150
1.444996
1.354352
1.351729
1.296328
1.242686
1.353811
1.393215
1.318738
1.342044
1.342002
1.353477
1.298882
1.398620
1.317516
1.405003
1.353152
1.335982
1.320272
1.339985
1.372853
1.383800
1.414187
1.273411
1.329832
1.393037
1.461804
1.410386
1.270273
1.323476
1.291127
1.467062
1.315100
1.401018
1.327033
1.409645
1.410079
1.278320
1.240659
1.332987
1.425539
1.217730
1.399411
1.302262
1.435033
1.344563
1.392031
1.321022
1.385822
1.307552
1.433006
1.297692
1.433165
1.310716
1.382956
1.352867
1.307865
1.296184
1.346215
1.437136
1.365649
1.282665
1.398990
1.389771
1.386921
1.304174
1.367054
1.456014
1.293539
1.374946
1.325267
1.366167
1.433910
1.263090
1.305584
1.371904
1.272744
1.270984
1.453586
1.342695
1.294368
1.356063
1.316444
1.230725
1.381914
1.409318
1.309724
1.320138
1.400664
1.468475
1.392016
1.242018
1.389622
1.370322
1.312577
1.289320
1.401709
1.257095
1.297377
1.322807
1.429090
1.356249
1.458532
1.189208
1.410796
1.320268
1.313514
1.324463
1.473851
1.435056
1.305873
1.304420
1.354378
1.186363
1.407451
1.372167
1.445168
1.244373
1.279275
1.372708
1.387809
1.334862
1.291175
1.299051
1.281237
1.341325
1.356568
1.286400
1.336569
1.407736
1.344284
1.331420
1.381983
1.417939
1.350352
1.278742
1.286956
1.381772
1.322622
1.358490
1.353771
1.300120
1.387866
1.389162
1.355495
1.335126
1.391646
1.474239
1.408497
1.436334
1.323909
1.243345
1.299359
1.332824
1.320604
1.397915
1.409229
1.429528
1.331747
1.361311
1.363386
1.398798
1.319467
1.355588
1.365959
1.411439
1.284691
1.272953
1.273751
1.406658
1.368763
1.294188
1.293685
1.316363
1.262239
1.291416
1.249666
1.274205
1.222046
1.305430
1.520106
1.332663
1.335075
1.263821
1.272739
1.359693
1.335440
1.369468
1.370271
1.463810
1.379601
1.369754
1.315988
1.329175
1.273763
1.527129
1.245882
1.234323
1.323211
1.384639
1.429179
1.379429
1.290226
1.304390
1.378361
1.366263
1.332189
1.387864
1.307304
1.239454
1.388956
1.278652
1.316138
1.243598
1.334219
1.358412
1.267300
1.363023
1.282457
1.395412
1.380382
1.261218
1.392036
1.385211
1.326315
1.434330
1.394893
1.280568
1.316242
1.387347
1.359582
1.259162
1.263720
1.268151
1.377673
1.324189
1.302474
1.331088
1.336649
1.337339
1.347929
1.314688
1.271698
1.213365
1.364211
1.242519
1.313080
1.359117
1.409592
1.311273
1.287193
1.182727
1.270395
1.365954
1.351186
1.255451
1.318645
1.275740
1.272185
1.230259
1.308758
1.426026
1.304402
1.257294
1.316999
1.324666
1.356548
1.343938
1.238404
1.372868
1.260613
1.368215
1.428245
1.280951
1.354229
1.356367
1.462502
1.387027
1.299725
1.357745
1.570862
1.418499
1.318703
1.467123
1.351548
1.310953
1.413227
1.447660
1.292464
1.465248
1.336802
1.245954
1.412926
1.351624
1.264315
1.260607
1.360685
1.312902
1.377457
1.321389
1.404352
1.370625
1.341749
1.334391
1.234818
1.322815
1.304665
1.327882
1.369574
1.235991
1.307534
1.335089
1.278389
1.332211
1.461270
1.395047
1.265482
1.340164
1.353397
1.361937
1.253724
1.392356
1.259041
1.305387
1.274492
1.250371
1.316648
1.331919
1.449903
1.339487
1.406856
1.345314
1.413318
1.402039
1.229975
1.337566
1.295816
1.301986
1.367994
1.400572
1.430024
1.320813
1.291369
1.423723
1.467122
1.328606
1.336101
1.371407
1.405071
1.353176
1.331233
1.352693
1.356158
1.379580
1.489942
1.259291
1.368705
1.332934
1.393095
1.295035
1.378584
1.372959
1.322739
1.364420
1.271482
1.368216
1.201135
1.307454
1.331888
