Individual Fitting Results for State 14
Number of calculations: 416
Average SF: 1.315209
Std Dev:    0.064532
RMS Value:  1.316792

All 416 Spectroscopic Factors:
1.280335
1.245503
1.281270
1.275269
1.351851
1.347288
1.226970
1.265099
1.414814
1.286586
1.350982
1.261343
1.276457
1.303725
1.248180
1.314485
1.332601
1.333259
1.215999
1.280989
1.295850
1.394874
1.311203
1.396818
1.367807
1.310077
1.295210
1.252917
1.199984
1.398955
1.419761
1.236646
1.274282
1.228388
1.295813
1.333668
1.244082
1.287285
1.184816
1.288707
1.150010
1.313361
1.369110
1.298175
1.221742
1.302932
1.336061
1.275046
1.518916
1.297792
1.449219
1.323841
1.238479
1.337003
1.387671
1.340783
1.244152
1.307464
1.320205
1.268835
1.454352
1.285466
1.313732
1.275598
1.307591
1.244291
1.291938
1.352576
1.375591
1.386347
1.226421
1.327377
1.392236
1.325518
1.300161
1.260782
1.237287
1.321060
1.461542
1.349700
1.350606
1.277285
1.365201
1.353138
1.279437
1.212598
1.300158
1.440889
1.197287
1.332975
1.295607
1.378502
1.291255
1.300178
1.259352
1.390043
1.294433
1.364321
1.279923
1.384721
1.266163
1.341692
1.386093
1.254427
1.224005
1.326715
1.372958
1.288266
1.230971
1.323105
1.431195
1.364819
1.253285
1.357895
1.422989
1.261839
1.386950
1.296722
1.328011
1.417517
1.190347
1.196224
1.334565
1.234218
1.281725
1.446481
1.429375
1.257195
1.336108
1.296740
1.251025
1.291137
1.282569
1.350518
1.302822
1.353601
1.512004
1.420140
1.180202
1.288268
1.370455
1.301308
1.281887
1.381098
1.269117
1.340799
1.252129
1.333388
1.296614
1.426821
1.148912
1.335319
1.345504
1.288966
1.280993
1.392977
1.359532
1.274821
1.248024
1.270703
1.206687
1.375152
1.316674
1.389901
1.251054
1.305225
1.379698
1.390456
1.324946
1.288666
1.349572
1.215368
1.396342
1.355747
1.276798
1.292681
1.365973
1.274191
1.338800
1.391967
1.362092
1.365737
1.280507
1.282436
1.350824
1.321349
1.307972
1.354422
1.254917
1.363115
1.315568
1.363645
1.306304
1.368748
1.425522
1.365168
1.345041
1.341765
1.221882
1.294408
1.341722
1.300082
1.347434
1.377076
1.352602
1.263425
1.336849
1.330421
1.337975
1.321568
1.341597
1.396030
1.417875
1.228330
1.313664
1.203808
1.436650
1.307732
1.253950
1.256319
1.338351
1.306919
1.235736
1.213475
1.276060
1.162568
1.326913
1.462000
1.324129
1.253686
1.267435
1.236107
1.325286
1.403055
1.415774
1.279610
1.334305
1.304399
1.275523
1.286601
1.332659
1.253700
1.472510
1.244872
1.199880
1.318314
1.361198
1.344362
1.337489
1.194491
1.275404
1.334198
1.388477
1.329488
1.436161
1.186243
1.196077
1.393623
1.315076
1.267711
1.267814
1.282078
1.315745
1.327197
1.343657
1.261765
1.307899
1.399250
1.237378
1.334935
1.344377
1.280352
1.359813
1.300505
1.270016
1.324525
1.347747
1.316267
1.262222
1.285792
1.326095
1.369073
1.314475
1.207227
1.315840
1.383028
1.270145
1.350558
1.235212
1.273326
1.217810
1.437759
1.249945
1.305810
1.330947
1.358921
1.314808
1.294832
1.167278
1.274654
1.368698
1.334001
1.251534
1.306041
1.326221
1.255321
1.240540
1.278201
1.325265
1.313727
1.261270
1.245991
1.307857
1.294400
1.339642
1.267559
1.395609
1.247916
1.371828
1.343299
1.256996
1.331774
1.357744
1.280828
1.424666
1.259151
1.351885
1.447161
1.358756
1.252574
1.490659
1.348889
1.294188
1.416974
1.414915
1.215481
1.354988
1.279138
1.336988
1.450466
1.305194
1.205840
1.343227
1.305861
1.315368
1.298365
1.279642
1.462491
1.344364
1.361741
1.345821
1.236598
1.315835
1.258034
1.302484
1.375727
1.209816
1.329303
1.289322
1.284885
1.336385
1.411210
1.439246
1.224568
1.313478
1.303325
1.374334
1.214891
1.350055
1.224173
1.230205
1.255178
1.243133
1.296582
1.301078
1.369728
1.333637
1.343044
1.293330
1.393853
1.376728
1.290175
1.313441
1.266567
1.290916
1.378078
1.345898
1.430077
1.336754
1.256266
1.367117
1.338385
1.270818
1.396853
1.358523
1.344247
1.349871
1.265069
1.314858
1.348615
1.342774
1.432718
1.172706
1.384327
1.273057
1.468527
1.344569
1.340744
1.321236
1.270852
1.308175
1.242600
1.387525
1.175732
1.300171
1.363653
