Individual Fitting Results for State 7
Number of calculations: 416
Average SF: 16.798875
Std Dev:    0.841509
RMS Value:  16.819938

All 416 Spectroscopic Factors:
16.004683
16.106278
16.231141
15.873282
17.305526
17.087260
15.891893
16.246514
18.139337
16.311971
17.367771
16.221621
16.236777
16.670741
15.563125
16.708019
17.046138
17.229778
15.781422
16.522246
16.284208
18.147755
16.646024
17.326252
17.792264
16.974502
16.750583
15.893337
15.411428
17.340179
18.030335
15.469586
16.189646
16.061972
16.655391
17.332730
15.984887
16.292845
15.023993
16.391143
14.598076
17.041449
17.027453
16.173637
15.772113
16.464971
17.019486
16.195395
19.132921
16.791261
17.823292
16.506416
15.553745
17.129400
17.837474
16.727198
16.096390
17.181235
16.975901
16.125365
18.194355
16.558145
17.211421
16.674306
16.716293
16.138393
16.594732
17.178890
17.530461
17.750100
15.705663
16.894989
17.633424
17.631238
17.089323
15.825218
16.035368
16.481541
18.856096
16.783154
17.351241
16.177238
17.593553
17.558476
16.218717
15.198600
16.699998
18.304009
15.139348
17.419413
16.553483
17.774529
16.601173
16.798231
16.136990
17.723682
16.451795
17.724614
16.156942
18.050113
16.301628
17.173503
17.506970
16.074055
15.686571
17.051033
17.894808
16.833383
15.806746
17.474610
18.155281
17.332568
15.888735
17.172104
18.531884
16.013296
17.596646
16.400173
16.896794
18.231844
15.413619
15.608704
17.273535
15.661565
16.146569
18.578072
17.719574
16.368825
16.844174
16.362361
15.516060
16.887997
16.920013
16.826543
16.575412
17.761576
19.315075
17.838965
15.203553
17.049358
17.449905
16.553221
16.201968
17.468856
15.855755
16.481488
16.089065
17.503807
16.740724
18.582445
14.584975
17.387664
17.008775
16.570027
16.309081
18.038706
17.749480
16.260872
16.138905
16.493094
14.925678
17.721663
17.089952
18.027521
15.713689
16.390452
17.594029
17.572627
16.796241
16.245350
16.943696
15.671310
17.442854
17.367420
16.319148
16.622624
17.678964
16.418064
17.026756
17.797249
17.368992
17.369249
16.015967
16.092728
17.354729
16.705518
16.713803
17.167063
15.959306
17.463479
17.203908
17.287805
16.733527
17.505507
18.565589
17.561231
17.831418
17.041068
15.400116
16.542891
17.100394
16.456061
17.416891
17.713769
17.599521
16.340063
17.093749
17.086958
17.260480
16.758691
17.138831
17.558579
17.831992
15.887628
16.383711
15.700438
18.184805
17.020654
16.262031
16.038282
17.086210
16.246539
16.001923
15.283358
16.181895
14.946622
16.833719
19.122190
16.644113
16.204109
15.673659
16.025134
16.972247
17.392870
17.887193
16.667906
17.684191
16.769265
16.524558
16.487034
16.944762
16.038029
19.270820
15.830207
15.265674
16.562565
17.707037
17.294966
17.176448
15.643551
16.210413
17.049198
17.434878
16.905719
18.168371
15.472292
15.396701
17.767924
16.440056
16.414173
16.011245
16.234936
16.821387
16.464323
17.249879
15.952982
17.037276
17.695205
15.879452
17.214107
17.244163
16.609665
17.620710
17.054173
16.183418
16.696180
17.161897
16.897886
15.882709
16.109486
16.578572
17.531993
16.637232
15.725712
16.954375
17.492402
16.303107
17.014139
15.999948
16.080114
15.301953
17.753112
15.605092
16.524454
17.166160
17.665518
16.710349
16.271712
14.652594
16.083699
17.464983
17.082513
15.730096
16.554575
16.552907
15.783071
15.658393
16.258463
17.551312
16.779158
15.779502
16.138089
16.701657
16.862396
17.178294
15.839252
17.397440
15.799766
17.219938
17.343856
16.097557
17.050176
17.036744
17.242732
17.967169
16.173616
17.220558
19.241293
17.554136
16.332277
19.059102
17.170382
16.280764
17.903545
18.147487
15.693676
17.923381
16.331187
16.645122
18.428185
16.776633
15.507830
16.621653
16.585210
16.495405
16.957726
16.418531
18.279021
17.164980
17.282765
16.890902
15.529726
16.590238
16.151324
16.583301
17.589850
15.354912
16.773162
16.510717
16.115870
16.779369
18.332034
18.126066
15.747663
16.934074
16.850373
17.245482
15.520527
17.316718
15.452617
15.863830
16.019050
15.753387
16.625343
16.590865
17.891109
16.904771
17.512585
16.571194
17.793687
17.673446
16.029117
16.779817
16.226456
16.443768
17.436409
17.269469
18.089300
16.782503
16.274097
17.632705
17.746921
16.469563
17.543942
17.320747
17.231026
17.111728
16.264809
16.869157
17.183340
17.194540
18.496783
15.326444
17.442591
16.473512
18.372730
16.563541
17.116377
16.972111
16.535736
17.229076
15.809898
17.660368
14.943710
16.560485
17.089857
