Individual Fitting Results for State 32
Number of calculations: 416
Average SF: 0.370221
Std Dev:    0.023996
RMS Value:  0.370998

All 416 Spectroscopic Factors:
0.357273
0.362734
0.335979
0.326496
0.393788
0.365717
0.369014
0.382757
0.387841
0.355716
0.368141
0.354795
0.358893
0.366376
0.338535
0.362469
0.381747
0.415328
0.394230
0.377653
0.349730
0.400833
0.377418
0.355248
0.415692
0.373094
0.358416
0.356805
0.336405
0.379387
0.389975
0.328180
0.366351
0.413849
0.361766
0.381278
0.366325
0.342965
0.337692
0.341477
0.344881
0.361044
0.382476
0.358783
0.364848
0.356661
0.359126
0.348804
0.411500
0.375232
0.347034
0.324312
0.327883
0.377465
0.381862
0.350636
0.391523
0.340628
0.374380
0.356501
0.391054
0.327933
0.387163
0.378702
0.385070
0.368831
0.383351
0.387720
0.389375
0.380425
0.361688
0.338231
0.391253
0.425771
0.396449
0.336102
0.376787
0.346657
0.421125
0.384755
0.383311
0.361196
0.374297
0.398310
0.354742
0.359771
0.367108
0.372778
0.324226
0.389655
0.353760
0.391284
0.383101
0.406804
0.360216
0.377198
0.337506
0.392353
0.367012
0.407661
0.349678
0.372629
0.381823
0.358117
0.363723
0.371627
0.399325
0.361609
0.353084
0.361433
0.375506
0.389280
0.374325
0.394212
0.416899
0.365896
0.376646
0.357475
0.388295
0.406622
0.348122
0.368243
0.392458
0.361463
0.358786
0.407871
0.349878
0.329604
0.395210
0.376299
0.350561
0.384925
0.398442
0.346348
0.332597
0.369448
0.410786
0.389583
0.328255
0.380603
0.374764
0.349431
0.368614
0.414311
0.364535
0.374496
0.391382
0.394923
0.373617
0.411881
0.320329
0.368635
0.366138
0.333434
0.376893
0.419304
0.402722
0.364391
0.361881
0.362435
0.336256
0.366248
0.384048
0.417120
0.341724
0.344972
0.387823
0.399962
0.360394
0.359992
0.353764
0.356786
0.372641
0.359280
0.349033
0.379211
0.382133
0.375254
0.377754
0.399873
0.406134
0.367358
0.355230
0.357363
0.378342
0.364551
0.377259
0.371093
0.364364
0.402490
0.375766
0.386226
0.366188
0.391161
0.392355
0.388691
0.378051
0.340242
0.352472
0.364646
0.378318
0.373227
0.389290
0.387209
0.402747
0.350198
0.365262
0.403949
0.397545
0.362847
0.373501
0.376727
0.412688
0.340848
0.342445
0.330318
0.401523
0.386797
0.345256
0.349657
0.355029
0.339344
0.365321
0.357917
0.340968
0.329069
0.350034
0.425323
0.358539
0.383515
0.372752
0.323837
0.374058
0.363269
0.388922
0.389999
0.387754
0.378697
0.386033
0.354102
0.359200
0.344756
0.424285
0.343715
0.324686
0.390061
0.354216
0.410897
0.379680
0.354329
0.370487
0.391205
0.384778
0.388376
0.374841
0.381650
0.341429
0.373395
0.356454
0.355534
0.329873
0.387700
0.387625
0.343596
0.376957
0.359278
0.381114
0.358044
0.335689
0.402039
0.379331
0.367376
0.398575
0.381516
0.343457
0.376556
0.390821
0.387006
0.335977
0.345109
0.345826
0.376562
0.368729
0.352741
0.364537
0.368140
0.353672
0.352393
0.356174
0.326344
0.318967
0.370094
0.332316
0.344890
0.367480
0.370042
0.346784
0.355088
0.345961
0.344152
0.379273
0.377346
0.358939
0.374238
0.342592
0.336851
0.329236
0.363222
0.414528
0.337265
0.354754
0.386825
0.339569
0.361691
0.360367
0.356672
0.389204
0.340325
0.367473
0.417777
0.325450
0.377229
0.391878
0.405527
0.384489
0.356942
0.381385
0.447062
0.406010
0.362264
0.402758
0.383493
0.339785
0.398530
0.432422
0.376928
0.407147
0.376947
0.338293
0.408634
0.385994
0.325626
0.317828
0.390731
0.379062
0.394133
0.362031
0.387206
0.387991
0.340891
0.388687
0.337951
0.385032
0.347768
0.358054
0.376410
0.336656
0.373566
0.367373
0.350912
0.393121
0.411477
0.388369
0.344254
0.364761
0.374970
0.355758
0.333665
0.404366
0.339325
0.374886
0.343074
0.331869
0.359041
0.356053
0.422323
0.379321
0.399122
0.374316
0.401124
0.396319
0.339563
0.375652
0.349366
0.366977
0.378001
0.404659
0.402505
0.368507
0.350653
0.423867
0.401598
0.353853
0.349674
0.373067
0.395098
0.380495
0.369569
0.374959
0.392948
0.378779
0.443046
0.334782
0.368729
0.373964
0.387216
0.354654
0.388924
0.390354
0.360896
0.352635
0.352417
0.374546
0.311978
0.336803
0.370326
