Individual Fitting Results for State 25
Number of calculations: 416
Average SF: 1.023716
Std Dev:    0.048283
RMS Value:  1.024854

All 416 Spectroscopic Factors:
0.968066
0.981526
0.992476
0.922729
1.053366
1.034200
1.012617
1.039671
1.069857
0.990699
1.048646
1.015718
1.027269
1.014759
0.942837
1.010625
1.040932
1.078356
1.017351
1.029952
1.003231
1.116551
1.010537
1.005956
1.100321
1.039251
1.040643
0.973282
0.957338
1.040268
1.066614
0.941660
1.003466
1.076183
1.035986
1.074228
0.983570
0.972170
0.924953
0.967975
0.940112
1.056107
1.008016
0.972075
1.005753
1.002002
1.019113
0.979391
1.082277
1.035721
0.998949
0.963544
0.941493
1.027349
1.063440
1.007256
1.044112
1.035964
1.039236
1.005798
1.055686
1.020174
1.084747
1.039084
1.024803
1.009844
1.034601
1.054059
1.053096
1.071690
0.989268
0.988040
1.063507
1.130914
1.095945
0.969394
1.021716
0.978280
1.100689
0.989410
1.059840
1.007798
1.062555
1.065106
0.973407
0.955053
1.013280
1.074894
0.934147
1.072945
0.990397
1.086466
1.041264
1.069591
0.998799
1.046360
1.013455
1.099467
0.991559
1.088626
1.018901
1.042954
1.021067
1.001527
1.004650
1.028472
1.107333
1.065441
0.994312
1.063068
1.044596
1.054328
1.004561
1.056037
1.099955
1.004359
1.038652
1.016685
1.041397
1.091206
0.992608
1.011423
1.047806
0.981821
0.967942
1.093266
1.010004
0.992730
1.037507
0.993302
0.942052
1.069282
1.084158
0.999546
0.997573
1.083143
1.100691
1.045943
0.944395
1.070485
1.035814
0.994799
0.983146
1.066561
0.954828
0.976115
1.021839
1.113430
1.043198
1.105236
0.922114
1.086755
0.993456
0.994555
1.014585
1.131660
1.103408
1.009767
1.004121
1.049940
0.908396
1.072180
1.055117
1.116861
0.942639
0.966342
1.044782
1.056468
1.015618
0.979497
0.983218
0.987549
1.013652
1.020741
0.979546
1.017781
1.072514
1.030076
1.002975
1.058747
1.082975
1.038131
0.987433
0.978516
1.056219
1.003036
1.051513
1.040265
0.996250
1.073295
1.082315
1.036287
1.012704
1.071305
1.139876
1.076596
1.091849
1.000946
0.947662
0.984789
1.012629
1.007147
1.063339
1.073066
1.099911
1.023227
1.034659
1.046667
1.066802
1.006336
1.034811
1.034173
1.064024
0.979898
0.968068
0.999128
1.064898
1.053979
0.994838
0.986543
1.000022
0.955202
0.992066
0.966702
0.976185
0.928692
0.993167
1.164861
1.023920
1.016460
0.961727
0.989351
1.033144
1.005647
1.048209
1.071659
1.122393
1.044659
1.053514
1.005705
1.012578
0.966748
1.164179
0.953761
0.954227
1.017642
1.057587
1.105723
1.065076
0.998261
0.993362
1.077423
1.030046
1.025704
1.058901
1.038882
0.947788
1.051808
0.964946
1.005650
0.956245
1.032596
1.035631
0.949322
1.047854
0.983944
1.082394
1.043388
0.953393
1.064985
1.055003
1.009449
1.091471
1.068255
0.975287
0.995423
1.066063
1.037212
0.971318
0.944833
0.957479
1.040605
1.001838
0.998829
1.013314
1.002444
1.046741
1.039433
1.020292
0.958949
0.940181
1.029627
0.944780
0.999919
1.045951
1.069400
0.995639
0.970413
0.910522
0.967298
1.051787
1.031030
0.956481
1.005439
0.969396
0.962013
0.953381
1.000127
1.095922
0.985119
0.967114
1.004153
1.003994
1.044619
1.023521
0.936743
1.048991
0.964522
1.021349
1.099631
1.017519
1.050541
1.026435
1.122447
1.054833
0.986377
1.031925
1.208298
1.084364
1.001260
1.113788
1.019738
0.977787
1.069923
1.097627
0.994308
1.127022
1.036719
0.933498
1.078041
1.040703
0.937427
0.940927
1.050272
0.995327
1.060049
1.002367
1.052716
1.055296
1.018245
1.017323
0.932059
1.007584
1.010694
1.011169
1.023711
0.948030
0.993552
1.020458
0.977624
1.021001
1.118729
1.054286
0.951728
1.024508
1.034022
1.030285
0.966501
1.077938
0.964933
1.014811
0.976028
0.971181
1.018109
1.026864
1.111979
1.024566
1.072239
1.032685
1.074316
1.079498
0.933124
1.031457
0.982442
0.985614
1.037246
1.081655
1.090057
0.994249
0.981260
1.089330
1.114818
1.034355
0.994764
1.056110
1.080088
1.032890
1.042398
1.063502
1.045254
1.037495
1.130507
0.978758
1.040777
1.021755
1.032974
0.975810
1.042677
1.050211
1.012505
1.040771
0.971582
1.033748
0.911351
1.011034
1.007641
