Individual Fitting Results for State 1
Number of calculations: 416
Average SF: 188.650340
Std Dev:    6.542120
RMS Value:  188.763741

All 416 Spectroscopic Factors:
185.191199
183.242281
181.379411
176.512821
195.165273
187.892614
187.642760
190.930386
200.563358
185.972884
185.200462
186.554152
186.345009
189.715571
179.225681
182.911979
191.519394
196.159510
191.282769
189.607749
180.140417
193.698450
188.682818
191.978323
200.163524
190.560238
185.255058
185.730541
177.601388
189.702951
194.027420
178.500063
185.078200
193.418699
187.946994
192.899022
186.074058
184.579574
170.613695
183.460287
178.179913
184.589244
192.950040
185.091098
185.931568
186.902425
188.634782
183.974740
203.826745
189.520461
188.067396
180.234069
179.638089
189.903538
193.532482
186.081270
189.508341
186.678098
189.745375
183.710901
198.449612
181.026761
196.082882
189.798178
194.571451
185.199893
187.801371
188.684536
193.386773
193.756663
184.420029
184.559216
194.745038
203.099564
192.092008
180.609784
187.431905
186.496726
205.219483
189.705444
193.192935
185.426267
189.427415
191.655525
180.409673
181.847760
188.648461
192.191227
177.351034
194.677469
185.600734
194.913842
190.244256
197.279095
181.486818
193.718977
181.383534
192.474583
188.496013
202.398383
187.862962
188.249694
193.650951
183.756242
180.253759
189.189901
197.517905
185.536126
186.253111
188.641174
197.441376
190.931458
188.349021
195.410764
202.385130
182.837513
193.624440
184.936526
187.542424
198.901439
183.796144
188.035614
195.427996
181.137949
185.477920
199.667250
188.806151
177.315347
196.726352
191.298231
179.100633
189.350457
191.648683
184.390932
177.696277
192.171036
204.407314
193.563001
173.953416
191.727329
189.931820
181.061024
186.695130
199.767383
183.970554
187.829854
187.063844
195.298976
187.778974
200.274697
173.500362
189.036546
189.530090
183.811866
189.643911
200.971181
196.240349
183.916630
187.899023
187.282175
178.153526
188.035273
191.733349
200.120985
179.283336
183.896217
194.476757
192.873497
188.065996
185.433715
188.783765
180.140904
192.315718
189.781962
184.231271
190.626794
195.376234
191.419970
190.477389
197.718760
191.861353
189.882910
183.656678
187.324583
190.269668
189.262552
188.746333
188.493131
186.351603
195.906448
193.735504
192.946547
187.178484
192.694506
196.898910
192.529529
194.012776
183.572041
182.959589
189.315817
193.835968
189.287581
193.644019
197.368232
193.864252
181.264021
190.147900
195.453755
194.032474
189.158823
192.399878
194.407355
202.449826
181.971435
186.032416
181.477544
198.348468
192.816066
181.861647
179.162818
182.566876
180.198147
187.440158
182.871913
181.420703
174.791180
185.116105
209.530056
184.737731
186.985751
184.456342
176.920997
191.067448
189.475502
194.324583
191.613649
193.915028
183.763373
189.973015
183.599953
183.215961
182.633672
204.899889
180.076828
178.229499
190.733698
188.629974
191.290178
188.001093
182.708963
188.725205
193.185816
195.297425
191.057365
197.239401
184.293951
180.525796
191.739582
186.563108
182.734535
178.997973
193.335671
189.819960
182.801366
191.636768
182.604479
192.221999
191.838102
179.676286
195.800802
191.230120
189.199409
197.373721
191.698570
180.267564
189.805384
193.388726
195.290971
182.213996
182.252857
181.558200
191.531715
186.195640
180.681933
190.025344
190.827256
185.752175
186.778899
181.983237
176.810103
174.794903
189.438202
179.129083
182.976968
185.641258
188.180943
184.805519
187.073570
176.522218
184.649498
193.344927
190.483381
187.321580
187.123858
182.785543
180.085683
179.501315
184.059364
199.847649
181.481984
181.480256
191.268198
183.619256
189.097936
189.490501
186.241668
196.693452
182.668101
187.958790
198.229021
182.321754
187.522849
190.516988
190.739935
194.640151
181.947017
189.119567
208.954561
198.966278
187.033257
203.117280
193.127357
181.688080
195.390771
204.659728
188.432723
197.109439
186.640059
184.044076
202.728897
192.028088
174.987885
178.107409
189.818131
190.874700
186.455444
186.120497
196.970243
193.798763
182.537526
195.340685
180.611659
192.003367
181.510881
183.819810
194.806842
177.861480
190.977607
190.378782
184.165343
193.018118
201.714092
198.306650
181.529022
187.042128
185.915203
184.650862
178.088200
198.315258
176.234652
185.842088
183.504453
179.683553
187.117931
186.510441
200.800068
190.300426
196.007505
189.122886
195.481656
192.617256
179.391907
188.361185
181.090261
190.046751
194.140061
198.495506
200.869312
188.250355
184.053800
200.277617
194.082747
184.404705
190.536828
192.310077
191.229822
191.237143
182.209302
186.329163
191.230245
191.617670
203.918925
176.836844
189.346259
187.408190
199.854212
185.355345
192.650903
191.308979
189.548179
186.402160
183.788485
193.481843
176.726735
181.629883
190.505221
