Individual Fitting Results for State 21
Number of calculations: 416
Average SF: 0.399486
Std Dev:    0.017458
RMS Value:  0.399867

All 416 Spectroscopic Factors:
0.379539
0.385014
0.388246
0.362361
0.410621
0.403370
0.397333
0.406344
0.414716
0.387779
0.406408
0.397182
0.401231
0.396648
0.370373
0.393444
0.405223
0.420231
0.399637
0.402385
0.392535
0.432043
0.395160
0.391638
0.426858
0.405302
0.405684
0.381988
0.376650
0.403690
0.413986
0.370724
0.391838
0.421794
0.403223
0.419093
0.386311
0.381025
0.364003
0.378843
0.370727
0.410560
0.392083
0.380178
0.395172
0.390951
0.397250
0.383253
0.420210
0.404084
0.389222
0.377882
0.369829
0.401096
0.413166
0.392692
0.407864
0.404504
0.405014
0.393533
0.409021
0.399256
0.422190
0.406234
0.399800
0.395854
0.402498
0.409625
0.409552
0.415916
0.387927
0.386720
0.412408
0.439873
0.426394
0.380065
0.399820
0.382252
0.427323
0.386406
0.412834
0.395529
0.412774
0.415163
0.379899
0.375521
0.395670
0.415975
0.367889
0.417543
0.387540
0.423003
0.405907
0.417239
0.391630
0.407306
0.395667
0.426086
0.388061
0.422384
0.398664
0.406521
0.397739
0.391158
0.393947
0.400861
0.429954
0.416060
0.389540
0.414180
0.405266
0.409765
0.394214
0.410814
0.427886
0.392537
0.403724
0.396111
0.405679
0.423193
0.390566
0.397862
0.407874
0.384991
0.379706
0.422941
0.392609
0.387536
0.404218
0.389011
0.369353
0.416514
0.422141
0.389329
0.389853
0.421014
0.425807
0.405553
0.372034
0.417805
0.402997
0.389025
0.384747
0.414438
0.374922
0.380871
0.399679
0.432693
0.405795
0.428355
0.364262
0.421856
0.387816
0.388916
0.395871
0.438130
0.430114
0.394278
0.393238
0.410939
0.357530
0.417954
0.411465
0.432208
0.369731
0.379070
0.405847
0.410598
0.395603
0.382967
0.383809
0.387345
0.394732
0.397238
0.382621
0.398631
0.416281
0.403593
0.391414
0.411749
0.421504
0.403821
0.385887
0.383220
0.411004
0.391646
0.409845
0.403628
0.389995
0.417647
0.421352
0.402290
0.395069
0.416151
0.439872
0.418073
0.425162
0.389752
0.372739
0.385009
0.394924
0.393037
0.413939
0.416595
0.426387
0.400027
0.402326
0.408095
0.415149
0.393376
0.403532
0.402007
0.413485
0.385311
0.377876
0.391551
0.412882
0.411749
0.389084
0.386293
0.390404
0.374333
0.388926
0.380379
0.382490
0.367017
0.387290
0.451304
0.398666
0.397562
0.376941
0.386959
0.403109
0.391079
0.407082
0.418509
0.437862
0.408957
0.411198
0.393367
0.393904
0.379615
0.449260
0.374670
0.375288
0.397607
0.411543
0.430609
0.414887
0.391704
0.389369
0.418637
0.400568
0.399334
0.410807
0.407330
0.372835
0.408002
0.377535
0.394239
0.374683
0.402933
0.403216
0.371605
0.407406
0.385252
0.422176
0.405644
0.374397
0.413824
0.410707
0.394800
0.423946
0.415874
0.381526
0.388574
0.414919
0.404564
0.379857
0.371364
0.374028
0.405011
0.390649
0.393330
0.395059
0.390978
0.410003
0.403979
0.398769
0.375765
0.369115
0.399944
0.371368
0.390646
0.406666
0.416322
0.389258
0.379168
0.359421
0.379122
0.408698
0.401903
0.375564
0.392596
0.378403
0.377551
0.374273
0.390826
0.426321
0.384823
0.379275
0.394506
0.391736
0.407392
0.399104
0.368020
0.407252
0.379227
0.399562
0.427795
0.398667
0.408765
0.400225
0.438279
0.409920
0.386369
0.402022
0.467353
0.421566
0.392003
0.431388
0.397971
0.384403
0.415027
0.426236
0.390646
0.437778
0.405734
0.365228
0.417370
0.405462
0.369667
0.367686
0.410042
0.389975
0.413787
0.392289
0.407955
0.409943
0.396106
0.396380
0.366158
0.393650
0.394601
0.394427
0.399744
0.372565
0.388290
0.398516
0.382590
0.397883
0.435483
0.408962
0.374901
0.399029
0.402799
0.400394
0.379496
0.418350
0.379089
0.398074
0.382764
0.380534
0.397596
0.400396
0.432465
0.398962
0.416606
0.403388
0.417097
0.419728
0.365425
0.401429
0.384066
0.386038
0.403395
0.420661
0.421745
0.388456
0.384229
0.423600
0.434423
0.403651
0.387945
0.410684
0.420495
0.401272
0.406879
0.413214
0.406840
0.404897
0.438386
0.384973
0.404461
0.399773
0.401537
0.380698
0.406208
0.409362
0.395842
0.405822
0.380713
0.401461
0.360082
0.395089
0.392002
