Individual Fitting Results for State 33
Number of calculations: 416
Average SF: 6.540800
Std Dev:    0.338851
RMS Value:  6.549572

All 416 Spectroscopic Factors:
6.184445
6.311195
6.278042
5.868982
6.755764
6.534454
6.431526
6.617170
6.905414
6.305089
6.692728
6.534583
6.470673
6.518980
5.950831
6.449432
6.657212
6.966195
6.463615
6.568864
6.291708
7.201695
6.488338
6.401611
7.086088
6.610075
6.626557
6.166957
6.067055
6.550412
6.906185
5.911991
6.365954
6.762890
6.605076
6.903452
6.333518
6.213883
5.887800
6.159957
5.880663
6.697014
6.492720
6.174305
6.372743
6.329590
6.527205
6.237575
7.118135
6.607582
6.319330
6.043116
5.920695
6.620403
6.860423
6.356930
6.627501
6.752473
6.685343
6.401989
6.740222
6.436493
6.932459
6.697492
6.558886
6.396906
6.592012
6.705156
6.768369
6.827951
6.302249
6.297801
6.781795
7.289748
7.026795
6.183340
6.502745
6.201233
7.226748
6.325722
6.729314
6.316969
6.792098
6.861180
6.246695
6.020453
6.462929
6.888776
5.874729
6.924704
6.378742
6.965333
6.608389
6.786845
6.287395
6.754975
6.400027
6.960153
6.329625
7.059295
6.505782
6.645642
6.578071
6.320502
6.333896
6.621969
7.068008
6.867538
6.253187
6.855332
6.719052
6.703505
6.321492
6.749244
7.209396
6.383334
6.678548
6.423359
6.583274
7.055890
6.314510
6.370586
6.749512
6.222043
6.230166
7.082673
6.467604
6.307494
6.624197
6.340181
5.980736
6.813140
6.892296
6.328355
6.235766
6.976321
7.177564
6.716801
5.987732
6.880561
6.641943
6.335670
6.272194
6.791416
6.097659
6.212483
6.553406
7.163574
6.644848
7.196501
5.744386
6.873610
6.412620
6.318854
6.467766
7.225578
7.127491
6.440918
6.387483
6.704049
5.702063
6.880355
6.812737
7.189686
5.995592
6.203100
6.758440
6.786484
6.442786
6.221590
6.323190
6.276047
6.516411
6.550911
6.278849
6.570792
6.831877
6.566650
6.504311
6.879259
6.856038
6.700077
6.253590
6.208973
6.822361
6.396753
6.678463
6.634532
6.326527
6.881452
6.939935
6.645568
6.469514
6.890337
7.263943
6.859765
7.057634
6.391299
5.991137
6.346989
6.548828
6.427779
6.832833
6.901659
7.027630
6.429765
6.596262
6.755125
6.811698
6.453856
6.632924
6.606638
6.865059
6.273633
6.171409
6.360049
6.877165
6.850196
6.378807
6.262815
6.455699
6.101239
6.317277
6.086821
6.242113
5.907476
6.366075
7.627351
6.468048
6.488287
6.076027
6.333356
6.602115
6.451936
6.782152
6.883676
7.176777
6.591269
6.685985
6.414515
6.490735
6.197784
7.523218
6.136297
5.997976
6.522520
6.792429
7.029786
6.828989
6.368275
6.371370
6.858862
6.629074
6.594253
6.829463
6.516264
6.046360
6.722079
6.192647
6.474909
6.067765
6.529806
6.587690
6.051263
6.723069
6.251570
6.899121
6.585068
6.081114
6.831401
6.750022
6.475221
6.977507
6.798133
6.242484
6.396771
6.827179
6.644913
6.119508
6.006987
6.164243
6.721159
6.394671
6.361429
6.538185
6.543486
6.602822
6.555878
6.416172
6.064647
5.909578
6.560385
5.978831
6.320750
6.709828
6.812951
6.356477
6.169036
5.766166
6.195466
6.756558
6.636097
6.100333
6.431713
6.204998
6.050152
6.075597
6.361048
7.070002
6.356539
6.136387
6.464175
6.353289
6.667353
6.579480
5.981542
6.636439
6.131843
6.507737
7.081882
6.428712
6.723183
6.542478
7.172496
6.846259
6.330522
6.659689
7.847675
6.951598
6.419912
7.256237
6.572790
6.144364
6.843140
7.126963
6.318285
7.272630
6.583391
6.012773
6.976308
6.622344
5.986787
5.968907
6.684722
6.344301
6.841879
6.365228
6.766285
6.708789
6.514020
6.503362
5.928085
6.462790
6.337765
6.423104
6.687471
5.999074
6.414435
6.480517
6.206271
6.535579
7.291192
6.788007
6.120166
6.572681
6.635194
6.496688
6.117763
6.905424
6.033340
6.450101
6.211171
6.158150
6.526388
6.522125
7.227222
6.568608
6.895689
6.583587
6.877504
7.000600
5.978661
6.581760
6.277243
6.343115
6.622395
6.911100
6.924766
6.294897
6.329290
7.029762
7.149517
6.568000
6.370732
6.722210
6.839863
6.578369
6.551708
6.800602
6.718489
6.634521
7.272916
6.204625
6.647853
6.532365
6.709814
6.188698
6.641501
6.717443
6.470458
6.707131
6.187733
6.641444
5.758097
6.439520
6.447521
