Individual Fitting Results for State 40
Number of calculations: 416
Average SF: 0.867953
Std Dev:    0.045149
RMS Value:  0.869127

All 416 Spectroscopic Factors:
0.820440
0.838696
0.832742
0.779026
0.896907
0.865589
0.853674
0.877787
0.915849
0.836355
0.887650
0.867040
0.857458
0.865637
0.788846
0.855921
0.883675
0.925697
0.858461
0.871212
0.833271
0.956446
0.861359
0.848469
0.940869
0.876602
0.878097
0.818124
0.804558
0.867777
0.917460
0.783622
0.844096
0.897881
0.875723
0.916211
0.842060
0.824940
0.781997
0.817299
0.779730
0.887526
0.862108
0.819978
0.845635
0.838929
0.866093
0.827658
0.947537
0.876740
0.837935
0.801117
0.784759
0.879142
0.911538
0.842489
0.879110
0.897389
0.887140
0.849182
0.894242
0.852944
0.919782
0.890058
0.870743
0.848923
0.874525
0.889340
0.898287
0.905002
0.836602
0.835275
0.899236
0.968785
0.932414
0.820398
0.863129
0.822179
0.961713
0.839544
0.891822
0.836441
0.900654
0.911129
0.829423
0.798563
0.857697
0.913221
0.779137
0.919145
0.847447
0.923587
0.876653
0.900264
0.833374
0.897205
0.848036
0.922140
0.839888
0.937803
0.863035
0.880963
0.873719
0.837844
0.839931
0.878978
0.937370
0.911794
0.828879
0.909613
0.891738
0.888576
0.838009
0.896656
0.959112
0.846972
0.886466
0.850900
0.872642
0.936580
0.838382
0.844722
0.896358
0.826041
0.828072
0.940188
0.857857
0.835822
0.878763
0.841036
0.793899
0.903629
0.914355
0.838968
0.826131
0.925695
0.954771
0.890969
0.794669
0.913594
0.881576
0.840659
0.832656
0.900324
0.809881
0.823885
0.870930
0.951313
0.880838
0.956556
0.761282
0.909724
0.851694
0.837938
0.857946
0.957755
0.946633
0.855211
0.847287
0.890392
0.756395
0.911870
0.904713
0.954270
0.795815
0.823299
0.897356
0.900851
0.854060
0.825394
0.839736
0.832956
0.865357
0.869685
0.833288
0.873312
0.905736
0.871293
0.864629
0.914791
0.908545
0.889572
0.829309
0.823439
0.906047
0.848642
0.885058
0.879798
0.838788
0.913684
0.920458
0.882105
0.858104
0.914918
0.962005
0.909730
0.937652
0.847286
0.794979
0.842919
0.869939
0.852435
0.906699
0.915057
0.932396
0.852086
0.874479
0.897957
0.903798
0.856856
0.880361
0.875795
0.911154
0.833088
0.817981
0.843675
0.913392
0.910156
0.846954
0.830705
0.858350
0.810175
0.838494
0.807603
0.828727
0.784802
0.844929
1.013849
0.856898
0.861641
0.805838
0.840007
0.875487
0.856295
0.901709
0.914193
0.951316
0.873638
0.886757
0.850489
0.861409
0.822933
0.998884
0.815630
0.795101
0.866210
0.901229
0.932170
0.905924
0.845507
0.846261
0.909744
0.879487
0.875922
0.906506
0.864412
0.802530
0.891621
0.822374
0.860214
0.805267
0.865217
0.874206
0.803260
0.892162
0.829670
0.915084
0.872857
0.807125
0.905913
0.895775
0.859649
0.925522
0.901432
0.828999
0.849798
0.905474
0.882074
0.811013
0.797366
0.819170
0.892196
0.848660
0.843977
0.868269
0.870053
0.874204
0.868555
0.850583
0.804063
0.783667
0.870324
0.792829
0.837429
0.890573
0.902791
0.843562
0.818136
0.766038
0.822130
0.897123
0.881541
0.809839
0.853864
0.823424
0.801781
0.806398
0.843635
0.939898
0.844290
0.814536
0.859323
0.841906
0.884273
0.873306
0.794443
0.879551
0.813155
0.862450
0.940245
0.852323
0.892727
0.867751
0.951763
0.909741
0.840956
0.884715
1.042809
0.922424
0.852798
0.964346
0.872900
0.814023
0.906839
0.947008
0.838984
0.965529
0.872870
0.799209
0.927017
0.878746
0.795189
0.792155
0.885941
0.841457
0.910057
0.844376
0.897629
0.889497
0.863827
0.862901
0.786171
0.857725
0.839450
0.851502
0.889138
0.795939
0.852223
0.858825
0.823389
0.867689
0.968821
0.900958
0.813102
0.872187
0.881022
0.860474
0.810996
0.916638
0.799357
0.856140
0.824117
0.816795
0.866590
0.864946
0.961239
0.872265
0.915656
0.873318
0.912243
0.929999
0.794237
0.873824
0.833392
0.842327
0.878077
0.916775
0.917788
0.834700
0.840845
0.933674
0.948938
0.871018
0.845276
0.891541
0.905792
0.873002
0.868252
0.901947
0.892590
0.880101
0.965306
0.823312
0.881603
0.867208
0.891421
0.820391
0.880571
0.891505
0.858490
0.890756
0.820783
0.881286
0.764128
0.854610
0.855348
