Individual Fitting Results for State 19
Number of calculations: 416
Average SF: 1.636772
Std Dev:    0.090862
RMS Value:  1.639292

All 416 Spectroscopic Factors:
1.572071
1.560747
1.595042
1.597468
1.675369
1.683401
1.526303
1.554096
1.773465
1.610219
1.687104
1.548892
1.560474
1.614890
1.551213
1.635249
1.660318
1.636114
1.527925
1.594711
1.596806
1.738259
1.620589
1.739346
1.713765
1.634949
1.599195
1.565983
1.483729
1.758984
1.786818
1.518691
1.575849
1.504189
1.591597
1.661456
1.526683
1.603632
1.456361
1.609573
1.410706
1.629380
1.698375
1.638879
1.509965
1.626321
1.662104
1.589826
1.917535
1.620374
1.853579
1.659697
1.526414
1.677427
1.747854
1.664251
1.523453
1.622326
1.632765
1.560293
1.857849
1.612960
1.629546
1.581550
1.630928
1.554539
1.607008
1.693050
1.728633
1.725249
1.514794
1.655845
1.749701
1.645809
1.600941
1.522926
1.514159
1.641213
1.843788
1.700367
1.683309
1.575597
1.693485
1.711932
1.568221
1.501274
1.632462
1.792009
1.468946
1.655163
1.616863
1.705615
1.616982
1.611297
1.566809
1.741642
1.603047
1.712084
1.570250
1.731958
1.556585
1.666985
1.761873
1.550639
1.518633
1.652814
1.736766
1.580668
1.527028
1.641177
1.811517
1.709689
1.551966
1.707828
1.802909
1.549375
1.732036
1.594032
1.668856
1.787150
1.472798
1.478633
1.680305
1.531358
1.599184
1.822127
1.793693
1.579427
1.645966
1.612540
1.552046
1.603010
1.585945
1.688773
1.649972
1.708544
1.940622
1.783719
1.449475
1.608723
1.730661
1.630473
1.598653
1.731296
1.590639
1.670395
1.533567
1.627325
1.597806
1.803520
1.419595
1.656397
1.687288
1.595728
1.561138
1.726530
1.702984
1.574131
1.554624
1.562573
1.511411
1.712372
1.634312
1.739372
1.548703
1.618911
1.722199
1.745076
1.645520
1.604412
1.677657
1.503847
1.759130
1.695033
1.583776
1.601759
1.724098
1.564154
1.668510
1.751523
1.698423
1.700468
1.579437
1.582027
1.671486
1.649669
1.609221
1.680639
1.524058
1.723918
1.624898
1.709934
1.624856
1.699000
1.795751
1.713783
1.664550
1.671744
1.518150
1.602537
1.685052
1.601244
1.677900
1.701915
1.682338
1.570920
1.645569
1.663585
1.674748
1.640418
1.675034
1.755669
1.763508
1.521058
1.620905
1.468883
1.824818
1.621924
1.547088
1.552230
1.694391
1.622193
1.554019
1.497536
1.569716
1.417824
1.658233
1.812949
1.632265
1.544386
1.570534
1.517514
1.645706
1.748136
1.789798
1.565155
1.645908
1.629016
1.562916
1.598365
1.652378
1.557977
1.858423
1.551659
1.472718
1.629706
1.716747
1.659186
1.660474
1.451306
1.567424
1.645456
1.733244
1.667750
1.801009
1.466035
1.482190
1.753290
1.637715
1.527558
1.595393
1.562168
1.646026
1.681337
1.668213
1.559309
1.613639
1.772013
1.549821
1.664285
1.672829
1.607553
1.681818
1.610781
1.554867
1.662083
1.656349
1.630617
1.561814
1.621794
1.657333
1.704135
1.636497
1.494653
1.634679
1.721479
1.542593
1.675631
1.528582
1.580149
1.507356
1.810441
1.533091
1.621822
1.666387
1.710725
1.635731
1.612935
1.456368
1.564390
1.717895
1.666123
1.546944
1.639665
1.651060
1.556064
1.528810
1.580243
1.677738
1.612073
1.576097
1.549367
1.625748
1.602226
1.673697
1.602515
1.755002
1.538933
1.717878
1.638137
1.548777
1.667750
1.696180
1.584861
1.768651
1.555814
1.674196
1.798894
1.692354
1.546424
1.868198
1.692774
1.617578
1.780140
1.773371
1.502516
1.676364
1.581248
1.694725
1.852128
1.630280
1.472519
1.689927
1.595578
1.647859
1.615696
1.596493
1.841664
1.685862
1.689266
1.685569
1.522502
1.630183
1.564154
1.607222
1.712976
1.495668
1.670301
1.589337
1.592733
1.677568
1.763904
1.809373
1.512640
1.647124
1.625706
1.719257
1.497197
1.667446
1.513011
1.524543
1.561306
1.526304
1.614623
1.604150
1.702409
1.650129
1.679405
1.590358
1.759647
1.715274
1.618328
1.637999
1.568741
1.598626
1.736818
1.661677
1.796542
1.695888
1.551269
1.707603
1.667457
1.578649
1.767923
1.709978
1.676075
1.703193
1.574324
1.621426
1.695100
1.676564
1.805338
1.445629
1.720763
1.595854
1.860107
1.675012
1.674986
1.647882
1.591584
1.640864
1.527869
1.761470
1.440116
1.610208
1.697727
