Individual Fitting Results for State 34
Number of calculations: 416
Average SF: 6.279774
Std Dev:    0.314398
RMS Value:  6.287639

All 416 Spectroscopic Factors:
5.942447
6.055996
6.044036
5.646686
6.479442
6.289534
6.188038
6.359786
6.607892
6.062246
6.420322
6.266424
6.232980
6.253082
5.735265
6.191769
6.387838
6.669310
6.219514
6.310280
6.068261
6.889731
6.224863
6.150411
6.784532
6.352365
6.365946
5.937508
5.842901
6.304892
6.605021
5.706136
6.122253
6.520111
6.342121
6.619194
6.076306
5.970215
5.665100
5.922831
5.680929
6.437065
6.219302
5.938542
6.136142
6.092896
6.262753
5.995992
6.783167
6.345837
6.080926
5.831539
5.710637
6.344656
6.568310
6.119906
6.372462
6.454504
6.407415
6.154291
6.465885
6.200630
6.652317
6.419041
6.294517
6.157497
6.329741
6.439805
6.486306
6.554232
6.059158
6.053494
6.507749
6.980279
6.737263
5.943151
6.250902
5.966229
6.888595
6.073550
6.468109
6.095993
6.515926
6.573910
5.991873
5.804108
6.208357
6.600914
5.668262
6.630119
6.116098
6.679818
6.353236
6.525316
6.060874
6.468083
6.161601
6.689040
6.081199
6.748206
6.249826
6.383440
6.302656
6.085878
6.103545
6.345668
6.782369
6.580732
6.028510
6.566562
6.435906
6.439167
6.095022
6.476853
6.877398
6.137208
6.399369
6.181187
6.333856
6.749206
6.076163
6.142814
6.465873
5.989137
5.977194
6.768987
6.203889
6.064193
6.359210
6.092297
5.754842
6.543155
6.621808
6.087619
6.018066
6.682058
6.849265
6.435029
5.766966
6.596976
6.369399
6.089932
6.026719
6.521030
5.861154
5.970092
6.288113
6.861531
6.380759
6.871434
5.555948
6.608998
6.143472
6.077051
6.212497
6.929216
6.824663
6.186819
6.142214
6.440685
5.503539
6.598731
6.524419
6.881335
5.767048
5.954934
6.465720
6.503512
6.194210
5.983227
6.063167
6.037490
6.246491
6.280948
6.025049
6.297320
6.558541
6.311632
6.223899
6.576007
6.593308
6.415228
6.017454
5.974132
6.530908
6.145263
6.419226
6.366884
6.085236
6.598881
6.655040
6.369975
6.211424
6.600394
6.966109
6.585231
6.755697
6.135702
5.772716
6.083969
6.269994
6.173014
6.549115
6.610913
6.739667
6.197921
6.332992
6.469602
6.537987
6.193206
6.363214
6.340104
6.572122
6.027888
5.929084
6.115079
6.580184
6.552351
6.121747
6.024677
6.184735
5.862944
6.074231
5.870336
5.996454
5.688378
6.107685
7.272462
6.223970
6.232534
5.852264
6.080434
6.338456
6.186111
6.488341
6.601194
6.888671
6.349116
6.428506
6.163509
6.224445
5.952188
7.190940
5.888998
5.786494
6.258908
6.511367
6.753969
6.549292
6.121149
6.116050
6.586133
6.351090
6.320055
6.537553
6.285417
5.814401
6.447979
5.942564
6.210508
5.839232
6.283297
6.328695
5.816725
6.445164
6.012732
6.626740
6.337358
5.846944
6.548479
6.476519
6.213699
6.693204
6.529955
5.993645
6.134151
6.548312
6.375335
5.896098
5.780927
5.909800
6.434536
6.140293
6.120453
6.262675
6.251707
6.360630
6.309243
6.183117
5.840216
5.700185
6.298959
5.759250
6.084687
6.432470
6.543406
6.106324
5.931143
5.556933
5.949595
6.475022
6.359675
5.865323
6.174337
5.956187
5.834813
5.842473
6.114740
6.769180
6.090900
5.905613
6.202102
6.113584
6.402188
6.307981
5.750247
6.381381
5.901020
6.255286
6.782743
6.192316
6.449862
6.284124
6.885994
6.545517
6.075614
6.378039
7.494247
6.664999
6.161814
6.927188
6.298419
5.928353
6.562642
6.811500
6.079466
6.960894
6.332198
5.765932
6.670332
6.362334
5.758191
5.742594
6.423516
6.098698
6.553649
6.122511
6.480903
6.444021
6.249859
6.242014
5.703539
6.200817
6.110817
6.174488
6.389224
5.778445
6.145906
6.231211
5.970322
6.270916
6.965606
6.500199
5.876279
6.302966
6.362463
6.252548
5.891607
6.619721
5.826412
6.204582
5.973720
5.926617
6.262418
6.269596
6.907082
6.299660
6.605923
6.324928
6.594955
6.694435
5.740404
6.318386
6.028549
6.084004
6.356590
6.631426
6.648424
6.057810
6.067156
6.729948
6.856588
6.314845
6.113966
6.456715
6.577625
6.316373
6.313210
6.523527
6.439105
6.368899
6.964211
5.974459
6.379483
6.273418
6.414659
5.952166
6.379260
6.446416
6.214142
6.426430
5.948907
6.364228
5.552703
6.188853
6.185662
