Individual Fitting Results for State 30
Number of calculations: 416
Average SF: 0.440162
Std Dev:    0.030394
RMS Value:  0.441210

All 416 Spectroscopic Factors:
0.424295
0.431029
0.397086
0.386508
0.471102
0.433302
0.439316
0.455618
0.461648
0.422390
0.436068
0.419365
0.425015
0.435750
0.400922
0.429448
0.454758
0.496499
0.472001
0.449545
0.413685
0.476758
0.449058
0.420890
0.496590
0.443514
0.424239
0.424098
0.398020
0.450560
0.465159
0.387267
0.434689
0.494522
0.427444
0.454304
0.435757
0.406196
0.398746
0.404051
0.407873
0.425628
0.456611
0.427480
0.433362
0.422059
0.425593
0.413258
0.494051
0.446216
0.410780
0.381879
0.386166
0.450474
0.454075
0.414916
0.466014
0.402902
0.444503
0.422516
0.467413
0.386224
0.461137
0.450960
0.459987
0.438996
0.455654
0.462113
0.465306
0.451789
0.429632
0.399501
0.466893
0.509858
0.471091
0.397122
0.447201
0.410411
0.507059
0.462077
0.456484
0.428518
0.443538
0.477619
0.419902
0.428145
0.436736
0.441586
0.381786
0.463998
0.420657
0.466648
0.456218
0.486559
0.427412
0.449573
0.398073
0.466805
0.436675
0.487298
0.413981
0.443217
0.456337
0.423548
0.431965
0.441993
0.476669
0.428848
0.417586
0.427252
0.447294
0.464338
0.445561
0.472301
0.501271
0.433562
0.448224
0.421653
0.463259
0.486643
0.412940
0.437289
0.468350
0.429764
0.427624
0.488148
0.413264
0.388194
0.472415
0.449195
0.416130
0.457688
0.473379
0.408068
0.392957
0.438595
0.492975
0.465590
0.386980
0.453458
0.445514
0.413820
0.439831
0.497266
0.435104
0.447309
0.466866
0.469385
0.442182
0.493333
0.376957
0.436233
0.436777
0.392607
0.447243
0.500421
0.481679
0.432454
0.429423
0.429761
0.398525
0.435217
0.457883
0.498585
0.404886
0.409038
0.463173
0.479337
0.426870
0.428055
0.419300
0.422555
0.443788
0.426114
0.413761
0.452945
0.453965
0.446415
0.451015
0.478758
0.485611
0.435834
0.421223
0.424153
0.449609
0.432416
0.448348
0.439640
0.431648
0.482373
0.445970
0.460437
0.434541
0.466548
0.465677
0.462862
0.449152
0.401671
0.419398
0.433518
0.451841
0.443443
0.464249
0.460823
0.479793
0.413822
0.431513
0.484459
0.474265
0.431408
0.445046
0.448597
0.495256
0.404145
0.404750
0.389157
0.481344
0.461182
0.407688
0.414187
0.421379
0.401492
0.434700
0.425642
0.402487
0.388189
0.413885
0.508657
0.423497
0.456546
0.445320
0.380754
0.445041
0.431448
0.465336
0.463769
0.461125
0.451341
0.458925
0.420311
0.425223
0.409027
0.507075
0.407400
0.382127
0.467172
0.419680
0.491279
0.452206
0.418477
0.441418
0.465097
0.459109
0.464003
0.445767
0.453684
0.404272
0.443286
0.424404
0.419540
0.389226
0.460900
0.462651
0.407731
0.447689
0.426679
0.452881
0.423421
0.396771
0.479247
0.451062
0.437158
0.474761
0.453027
0.405650
0.450148
0.465596
0.462094
0.396266
0.410632
0.410217
0.448423
0.438521
0.419049
0.432647
0.438165
0.417520
0.415826
0.421565
0.384559
0.375010
0.440454
0.393036
0.407763
0.436827
0.439354
0.410640
0.421692
0.411749
0.407318
0.451955
0.450036
0.427400
0.445999
0.404800
0.397626
0.388708
0.431330
0.496391
0.397329
0.421830
0.462766
0.399356
0.428961
0.427546
0.426419
0.463586
0.403055
0.437907
0.499479
0.382499
0.448412
0.469534
0.482733
0.458025
0.422941
0.453704
0.536256
0.484863
0.430320
0.481085
0.458513
0.401894
0.476279
0.521132
0.449585
0.485272
0.448382
0.401706
0.490274
0.459794
0.384645
0.373591
0.465648
0.453397
0.469722
0.430312
0.461797
0.462181
0.401974
0.465320
0.399885
0.459992
0.410591
0.424409
0.449409
0.397668
0.446118
0.435728
0.416203
0.471213
0.492936
0.463331
0.409325
0.432986
0.445283
0.420621
0.393334
0.483210
0.401173
0.446403
0.406336
0.390987
0.425855
0.421482
0.507088
0.451793
0.476215
0.444670
0.479906
0.472551
0.403188
0.446767
0.413465
0.436610
0.449344
0.483345
0.480214
0.439840
0.415411
0.508598
0.479198
0.418531
0.414654
0.443407
0.471219
0.453281
0.438791
0.443446
0.469678
0.451245
0.534049
0.395476
0.437441
0.445361
0.464121
0.420514
0.464294
0.466984
0.427940
0.418011
0.418059
0.445609
0.367872
0.397150
0.440706
