Individual Fitting Results for State 10
Number of calculations: 416
Average SF: 0.701672
Std Dev:    0.031314
RMS Value:  0.702370

All 416 Spectroscopic Factors:
0.668164
0.674096
0.674434
0.642660
0.725978
0.716488
0.688249
0.702758
0.732494
0.675172
0.720114
0.674966
0.695644
0.695226
0.644444
0.691791
0.713017
0.740114
0.695703
0.703192
0.691592
0.757182
0.696493
0.693865
0.751021
0.721171
0.705201
0.671421
0.654328
0.712877
0.728403
0.653038
0.686621
0.737916
0.699709
0.729067
0.678285
0.667680
0.637862
0.674482
0.643011
0.720043
0.691461
0.666440
0.687091
0.688791
0.697099
0.673008
0.749329
0.710405
0.699884
0.675802
0.651625
0.706200
0.727474
0.689451
0.710124
0.695965
0.706725
0.681388
0.728595
0.687508
0.737073
0.709555
0.702890
0.695217
0.706121
0.720721
0.721882
0.737635
0.672251
0.691297
0.727946
0.769083
0.739470
0.664205
0.699420
0.674614
0.761695
0.688341
0.732348
0.695444
0.734585
0.736483
0.673454
0.655693
0.698364
0.739490
0.642169
0.730203
0.679900
0.746958
0.708439
0.734611
0.693580
0.721590
0.684025
0.750584
0.680747
0.748713
0.685851
0.721202
0.705751
0.688789
0.683987
0.703071
0.751763
0.712181
0.677278
0.726712
0.722496
0.725582
0.688419
0.721134
0.756472
0.683188
0.716777
0.694134
0.717696
0.746928
0.666028
0.689503
0.719828
0.673188
0.666433
0.756094
0.694944
0.674152
0.712505
0.688596
0.649333
0.725775
0.743887
0.682828
0.690035
0.728505
0.762554
0.724397
0.652605
0.726685
0.715112
0.686032
0.678041
0.734971
0.661587
0.678190
0.699153
0.751526
0.711149
0.759450
0.628340
0.736498
0.687900
0.685193
0.697150
0.772129
0.748572
0.689261
0.684711
0.711400
0.626054
0.729573
0.717272
0.756781
0.654243
0.665178
0.715708
0.725469
0.698179
0.678050
0.678666
0.675271
0.699250
0.706786
0.673190
0.699303
0.735432
0.704732
0.696462
0.723581
0.743905
0.703226
0.672068
0.674763
0.720834
0.692162
0.711713
0.708560
0.683716
0.728099
0.726149
0.711188
0.697977
0.729195
0.767697
0.736991
0.748123
0.687523
0.655679
0.681278
0.695614
0.692238
0.729799
0.732973
0.751301
0.700013
0.712200
0.718420
0.734124
0.690316
0.708092
0.710370
0.736142
0.670918
0.662307
0.668647
0.733849
0.713166
0.678634
0.677848
0.688078
0.660589
0.679747
0.662183
0.668328
0.644211
0.681476
0.788365
0.697656
0.704917
0.667385
0.663242
0.709409
0.694782
0.718194
0.721875
0.762777
0.723557
0.721342
0.686366
0.695456
0.665514
0.795946
0.653438
0.649374
0.696476
0.719159
0.751794
0.720210
0.680658
0.684556
0.726732
0.710963
0.701357
0.720843
0.698170
0.650593
0.724040
0.668495
0.692097
0.651773
0.703663
0.715103
0.661199
0.714037
0.675843
0.732308
0.719441
0.659630
0.728922
0.724669
0.694051
0.750971
0.731622
0.673038
0.689767
0.725392
0.713974
0.660584
0.661134
0.663899
0.716271
0.694318
0.681441
0.695089
0.694384
0.700532
0.704557
0.693961
0.663697
0.638333
0.709642
0.650349
0.685427
0.709749
0.733066
0.684793
0.673776
0.628833
0.662995
0.714647
0.707152
0.660749
0.691954
0.664762
0.665862
0.645421
0.686350
0.749905
0.680009
0.661664
0.693287
0.691401
0.709747
0.700053
0.650455
0.718548
0.658649
0.710713
0.749211
0.672412
0.711884
0.709762
0.767525
0.722395
0.681661
0.712158
0.819516
0.742948
0.692683
0.760786
0.706134
0.683576
0.735418
0.755965
0.683575
0.765282
0.701329
0.650202
0.738404
0.712746
0.661690
0.655784
0.713393
0.686190
0.726004
0.692902
0.729115
0.719302
0.696497
0.699515
0.645851
0.693778
0.686248
0.694966
0.710183
0.650847
0.682996
0.699154
0.670743
0.700214
0.758948
0.726498
0.660676
0.699855
0.710228
0.709646
0.656893
0.733712
0.662697
0.689652
0.667982
0.656852
0.690127
0.698592
0.759483
0.705043
0.737927
0.705679
0.738010
0.731007
0.644131
0.704681
0.679840
0.681341
0.713222
0.735754
0.747897
0.690509
0.675227
0.747232
0.767144
0.697669
0.692903
0.716922
0.735361
0.710786
0.702969
0.709847
0.713707
0.719962
0.779019
0.661978
0.713673
0.699601
0.721788
0.675530
0.721659
0.720106
0.692098
0.710385
0.666873
0.711937
0.631202
0.684329
0.696142
