Individual Fitting Results for State 18
Number of calculations: 416
Average SF: 0.431197
Std Dev:    0.026803
RMS Value:  0.432030

All 416 Spectroscopic Factors:
0.419737
0.407354
0.419755
0.425269
0.445414
0.441540
0.395804
0.408946
0.468137
0.424184
0.439548
0.405395
0.412457
0.424808
0.413076
0.435226
0.439529
0.432168
0.395808
0.414215
0.421190
0.454268
0.431341
0.469327
0.447915
0.422580
0.414423
0.411454
0.384739
0.475855
0.474825
0.402080
0.415988
0.391037
0.416988
0.431307
0.403260
0.423371
0.387517
0.422452
0.369404
0.419988
0.464184
0.441696
0.392250
0.428453
0.438676
0.416877
0.522556
0.420792
0.501003
0.439619
0.402643
0.439561
0.460284
0.445219
0.397147
0.416483
0.428105
0.410810
0.501406
0.413635
0.420601
0.410143
0.432346
0.402386
0.421577
0.449101
0.456523
0.452853
0.397463
0.431306
0.464499
0.424085
0.412962
0.405679
0.395467
0.439301
0.488053
0.460998
0.439997
0.413559
0.440767
0.443773
0.421161
0.398732
0.425896
0.473919
0.386541
0.429433
0.424499
0.445866
0.423064
0.421719
0.407407
0.460738
0.419367
0.444189
0.419351
0.452403
0.405931
0.436251
0.469972
0.405105
0.395000
0.434904
0.449928
0.408811
0.397881
0.417975
0.483918
0.452243
0.409943
0.458137
0.471123
0.411264
0.461590
0.419166
0.438620
0.470426
0.381029
0.379703
0.439604
0.404499
0.427501
0.481104
0.483453
0.402148
0.442414
0.427594
0.419159
0.413979
0.406579
0.451207
0.426590
0.438446
0.516795
0.478265
0.374136
0.411255
0.456337
0.428192
0.426346
0.463375
0.427297
0.453673
0.405688
0.423723
0.416660
0.470893
0.368553
0.425729
0.450077
0.413612
0.415071
0.451613
0.441036
0.417022
0.403274
0.406457
0.403629
0.443747
0.425427
0.455921
0.413059
0.428833
0.458072
0.466999
0.434392
0.427137
0.453324
0.390435
0.475002
0.445031
0.416509
0.420701
0.445911
0.409091
0.444712
0.469106
0.448510
0.451454
0.421982
0.421467
0.438242
0.436835
0.423647
0.446398
0.404572
0.455470
0.419681
0.456909
0.424871
0.450807
0.463735
0.447987
0.426564
0.438400
0.402589
0.426312
0.447763
0.426008
0.438300
0.446964
0.437935
0.404985
0.433514
0.441911
0.437309
0.437303
0.442862
0.468571
0.475752
0.392458
0.433780
0.377951
0.489697
0.420857
0.401993
0.405999
0.446320
0.437863
0.402103
0.397886
0.417750
0.369688
0.438808
0.473988
0.432666
0.403731
0.427175
0.390672
0.430845
0.475606
0.486476
0.408925
0.419949
0.423609
0.407255
0.417222
0.439177
0.407892
0.483465
0.410059
0.383432
0.440116
0.442317
0.436772
0.434927
0.375335
0.416202
0.436414
0.464205
0.445792
0.483507
0.378699
0.384585
0.461670
0.441167
0.405161
0.420710
0.417113
0.433191
0.450584
0.441132
0.413827
0.419085
0.467937
0.400505
0.435743
0.438444
0.416413
0.439166
0.414436
0.413020
0.444348
0.438143
0.430773
0.412688
0.432123
0.447531
0.448342
0.433515
0.382749
0.429354
0.461906
0.400511
0.443511
0.395116
0.414233
0.397290
0.492815
0.407560
0.425838
0.435027
0.439997
0.431579
0.428082
0.387134
0.415939
0.456149
0.439941
0.414972
0.432898
0.443490
0.408283
0.405135
0.416214
0.429897
0.425792
0.420393
0.404555
0.423552
0.414544
0.438569
0.429927
0.473199
0.404582
0.455122
0.432255
0.403571
0.439267
0.455556
0.399349
0.477794
0.407606
0.447639
0.465671
0.443446
0.401274
0.498511
0.449405
0.422277
0.473539
0.472012
0.393504
0.431894
0.414942
0.460627
0.498081
0.428566
0.383167
0.453106
0.422710
0.440093
0.420348
0.416168
0.497199
0.445099
0.443465
0.453551
0.403412
0.437355
0.406300
0.423710
0.452325
0.390896
0.445712
0.416730
0.425054
0.450658
0.460039
0.488373
0.394406
0.429151
0.422649
0.454609
0.387853
0.443650
0.397805
0.397280
0.408711
0.402383
0.423425
0.421675
0.446483
0.443232
0.437240
0.418174
0.464374
0.452062
0.436531
0.433161
0.409710
0.424050
0.461310
0.440496
0.480024
0.451176
0.404096
0.450107
0.425619
0.408126
0.471050
0.449676
0.438619
0.451240
0.410092
0.425906
0.451759
0.438171
0.476534
0.370339
0.459568
0.413716
0.504657
0.452657
0.440414
0.433065
0.409824
0.419666
0.402210
0.464198
0.376667
0.421587
0.458131
