Individual Fitting Results for State 37
Number of calculations: 416
Average SF: 1.694999
Std Dev:    0.079446
RMS Value:  1.696860

All 416 Spectroscopic Factors:
1.606518
1.634157
1.639401
1.530650
1.745881
1.703813
1.678279
1.720529
1.770936
1.640505
1.729474
1.687452
1.692233
1.685281
1.558984
1.670952
1.722362
1.792135
1.687627
1.705059
1.650955
1.847540
1.678198
1.660516
1.821858
1.717015
1.719204
1.611412
1.586801
1.707673
1.770103
1.555595
1.657641
1.775805
1.711322
1.782008
1.639725
1.613851
1.537002
1.602791
1.552640
1.739788
1.671506
1.608811
1.666276
1.651553
1.687945
1.622258
1.806496
1.713878
1.646404
1.587987
1.554553
1.707003
1.763547
1.658990
1.725847
1.728104
1.723661
1.665323
1.741226
1.683049
1.793859
1.728457
1.698119
1.670972
1.708801
1.738813
1.744345
1.766957
1.640942
1.636572
1.753795
1.876320
1.814108
1.608173
1.692276
1.615898
1.836023
1.639531
1.748448
1.660409
1.755013
1.768058
1.614880
1.579841
1.677452
1.773383
1.544925
1.780258
1.647563
1.798236
1.719061
1.766258
1.648166
1.737086
1.670630
1.807005
1.643743
1.807022
1.688835
1.723440
1.694625
1.651157
1.659341
1.706601
1.827746
1.770502
1.639740
1.763983
1.728511
1.738469
1.658389
1.746995
1.835388
1.661456
1.720270
1.674288
1.715774
1.808616
1.648479
1.672495
1.738192
1.625520
1.612218
1.810848
1.670018
1.639803
1.715996
1.646832
1.560611
1.766889
1.789955
1.647607
1.638779
1.794546
1.828633
1.729064
1.567229
1.776694
1.714796
1.647027
1.629844
1.759532
1.586468
1.613751
1.697507
1.844914
1.722058
1.836444
1.521378
1.786140
1.651586
1.644724
1.678416
1.865011
1.833429
1.672194
1.662828
1.741293
1.501086
1.775785
1.753322
1.846478
1.562759
1.606953
1.733621
1.749332
1.675223
1.620057
1.632482
1.636622
1.680755
1.690611
1.624725
1.695517
1.768525
1.707662
1.670336
1.761481
1.784018
1.722456
1.630943
1.618879
1.753492
1.660106
1.735533
1.716091
1.648193
1.777338
1.791737
1.713834
1.676153
1.774433
1.873492
1.776091
1.813718
1.654458
1.569632
1.637524
1.683792
1.666666
1.761898
1.775358
1.815196
1.684785
1.708154
1.739711
1.763521
1.670345
1.714897
1.708158
1.764010
1.630404
1.601062
1.655776
1.764554
1.756903
1.651616
1.632470
1.663482
1.585454
1.644839
1.599081
1.620505
1.546132
1.645874
1.938317
1.685610
1.685155
1.589465
1.640823
1.710095
1.664761
1.740278
1.779191
1.857432
1.723859
1.740224
1.665555
1.676019
1.608107
1.924527
1.589547
1.576445
1.688733
1.751631
1.825447
1.764007
1.657189
1.651473
1.777641
1.706558
1.700885
1.753827
1.712999
1.575233
1.736162
1.602954
1.674205
1.582919
1.702633
1.710377
1.573358
1.734349
1.629103
1.789962
1.715922
1.582947
1.761497
1.745623
1.675940
1.802946
1.763689
1.618520
1.652616
1.764004
1.718933
1.601304
1.567651
1.591484
1.727236
1.657843
1.659407
1.683107
1.672448
1.727088
1.708663
1.680570
1.584824
1.552078
1.699152
1.564499
1.649255
1.731342
1.765458
1.649727
1.604709
1.512749
1.606507
1.741535
1.711364
1.588104
1.666500
1.606522
1.587468
1.582315
1.654336
1.819155
1.638181
1.601845
1.674052
1.655687
1.728145
1.697798
1.556817
1.725606
1.599897
1.690541
1.823436
1.680853
1.738573
1.697225
1.859015
1.753121
1.639661
1.713875
2.003689
1.794087
1.663473
1.850138
1.694129
1.614144
1.765811
1.823718
1.649508
1.868314
1.714859
1.553137
1.786632
1.719440
1.560824
1.555283
1.736392
1.649733
1.763508
1.658392
1.740260
1.739794
1.683601
1.683477
1.545744
1.671784
1.661452
1.669971
1.709181
1.570134
1.653065
1.685816
1.617414
1.691125
1.863079
1.745073
1.587676
1.697133
1.713744
1.693152
1.599496
1.782026
1.589587
1.682115
1.617915
1.606939
1.688885
1.695831
1.850474
1.697296
1.775969
1.709286
1.775205
1.793926
1.550296
1.705367
1.628751
1.639528
1.713508
1.787786
1.792715
1.641514
1.633609
1.807273
1.846952
1.708687
1.647697
1.742897
1.779213
1.704724
1.715457
1.757377
1.733112
1.718153
1.870475
1.622701
1.719082
1.694882
1.717117
1.610748
1.722612
1.738856
1.678046
1.728121
1.610181
1.710640
1.512696
1.673656
1.666601
