Individual Fitting Results for State 17
Number of calculations: 416
Average SF: 1.975049
Std Dev:    0.110847
RMS Value:  1.978157

All 416 Spectroscopic Factors:
1.896099
1.882705
1.923827
1.927502
2.021950
2.032177
1.840261
1.873871
2.141708
1.942647
2.036908
1.866713
1.881639
1.947783
1.871057
1.973414
2.003691
1.973575
1.842797
1.923852
1.926612
2.097950
1.954978
2.100322
2.069076
1.973573
1.928831
1.889166
1.788512
2.125117
2.157606
1.831205
1.901105
1.813967
1.919455
2.004133
1.840215
1.934278
1.755852
1.942221
1.700123
1.965508
2.050989
1.978819
1.820068
1.962989
2.005524
1.917965
2.316923
1.955029
2.240283
2.003222
1.840923
2.024396
2.109998
2.008657
1.836930
1.955874
1.969465
1.881130
2.245921
1.945159
1.965949
1.907079
1.968422
1.875147
1.939294
2.043818
2.087007
2.082931
1.826229
1.997990
2.113381
1.985733
1.930523
1.835627
1.825256
1.980841
2.227501
2.053775
2.032166
1.900822
2.044132
2.067283
1.892094
1.810640
1.970096
2.163837
1.770483
1.996880
1.950409
2.058624
1.951182
1.944476
1.890488
2.102394
1.933399
2.067341
1.893746
2.091159
1.876336
2.012228
2.128262
1.870532
1.831138
1.994235
2.096649
1.905443
1.841712
1.979475
2.188639
2.064562
1.871862
2.062042
2.177203
1.868331
2.091177
1.923031
2.015100
2.158308
1.774435
1.782285
2.028667
1.846638
1.929154
2.201652
2.166248
1.905367
1.986551
1.946014
1.872729
1.933658
1.913155
2.038905
1.992266
2.061457
2.345976
2.155259
1.746445
1.940591
2.089731
1.967074
1.929008
2.091443
1.919507
2.017500
1.848961
1.962030
1.927475
2.178401
1.710833
1.998931
2.036955
1.924505
1.882900
2.084365
2.054746
1.898502
1.874868
1.883072
1.824013
2.066162
1.971446
2.100054
1.868053
1.952596
2.079252
2.107346
1.986015
1.936257
2.025389
1.812735
2.124740
2.045995
1.910541
1.931789
2.081927
1.885904
2.013940
2.115408
2.050323
2.052002
1.905356
1.908438
2.016490
1.991048
1.941021
2.028618
1.837345
2.081192
1.959403
2.065173
1.960575
2.050314
2.168478
2.068983
2.008082
2.017625
1.831066
1.933711
2.034167
1.931914
2.025035
2.054105
2.030655
1.894764
1.985651
2.008107
2.021626
1.979013
2.021321
2.120392
2.130043
1.833648
1.955745
1.769570
2.205003
1.955783
1.864968
1.872054
2.045126
1.957055
1.874507
1.805468
1.892531
1.707379
2.001262
2.187935
1.969412
1.862678
1.895607
1.828815
1.985855
2.110972
2.162429
1.886350
1.985662
1.966046
1.885027
1.928065
1.993826
1.878624
2.244881
1.871161
1.774920
1.966349
2.071797
2.001830
2.003270
1.748060
1.890094
1.985122
2.093079
2.013820
2.174569
1.767014
1.786714
2.117309
1.976582
1.840292
1.924844
1.884317
1.987207
2.030238
2.012995
1.880588
1.945763
2.140140
1.869084
2.009051
2.018615
1.939461
2.029886
1.943467
1.874623
2.006532
1.998396
1.967609
1.884078
1.957266
2.000840
2.056923
1.975240
1.801970
1.972130
2.077963
1.858999
2.022379
1.843382
1.906041
1.817459
2.186873
1.848597
1.956869
2.010968
2.064959
1.973049
1.947077
1.756365
1.886150
2.073718
2.010525
1.865952
1.979008
1.992778
1.877057
1.842980
1.906324
2.025297
1.943966
1.901291
1.868326
1.961628
1.932457
2.019516
1.934598
2.120288
1.855245
2.073844
1.976133
1.866252
2.012502
2.048092
1.911987
2.135020
1.875749
2.020381
2.171959
2.042680
1.864739
2.255756
2.043513
1.951940
2.150316
2.142083
1.811558
2.022523
1.906650
2.047394
2.239098
1.967511
1.774627
2.040565
1.924452
1.988918
1.948577
1.926197
2.225293
2.035480
2.038301
2.035341
1.836158
1.967327
1.886954
1.939177
2.067304
1.803134
2.016246
1.917271
1.921430
2.025769
2.128469
2.185740
1.823736
1.987645
1.961416
2.076136
1.804700
2.012585
1.824680
1.837901
1.882860
1.839889
1.947390
1.934860
2.054656
1.991513
2.027326
1.917923
2.125330
2.069618
1.953419
1.976832
1.892174
1.928475
2.097659
2.005099
2.170656
2.048220
1.870274
2.061379
2.012649
1.903666
2.135160
2.064069
2.023057
2.057110
1.898945
1.955533
2.046561
2.023735
2.181139
1.741824
2.077049
1.925018
2.247908
2.022572
2.022389
1.988944
1.919870
1.979437
1.842424
2.127697
1.735190
1.941457
2.050011
