Individual Fitting Results for State 11
Number of calculations: 416
Average SF: 2.834577
Std Dev:    0.136751
RMS Value:  2.837874

All 416 Spectroscopic Factors:
2.753723
2.674844
2.751923
2.727776
2.914836
2.896837
2.654184
2.730852
3.045830
2.760644
2.927053
2.727627
2.757118
2.816634
2.673087
2.817789
2.867185
2.887396
2.624196
2.774469
2.793499
3.025113
2.813768
2.984769
2.949262
2.842841
2.811212
2.690082
2.594853
2.980652
3.050336
2.654443
2.742579
2.680823
2.802092
2.892831
2.682924
2.761696
2.535443
2.769756
2.481114
2.845259
2.924257
2.762670
2.642369
2.796978
2.871915
2.743894
3.244842
2.808476
3.072780
2.826745
2.659239
2.885769
2.985114
2.870257
2.703237
2.850809
2.854024
2.739417
3.099025
2.776962
2.863900
2.771590
2.809405
2.696872
2.786500
2.907186
2.964881
2.994122
2.642622
2.858306
2.992800
2.894442
2.842376
2.725988
2.681892
2.825920
3.160521
2.879813
2.918530
2.753699
2.962801
2.931473
2.743134
2.602753
2.804707
3.109319
2.571336
2.897185
2.796235
2.991841
2.784615
2.816819
2.722304
2.990580
2.789549
2.958643
2.754827
2.998656
2.742288
2.904240
2.962169
2.708307
2.649447
2.859242
2.968831
2.817108
2.649001
2.891717
3.061341
2.937248
2.691909
2.906006
3.080746
2.712990
2.978866
2.798183
2.859612
3.054569
2.577532
2.597912
2.869516
2.654514
2.743802
3.119485
3.050900
2.736008
2.870809
2.788438
2.667379
2.807364
2.795412
2.884949
2.806463
2.938273
3.244751
3.048084
2.559872
2.815502
2.939175
2.794854
2.748452
2.962456
2.705402
2.867164
2.710487
2.903938
2.808643
3.090271
2.474281
2.912271
2.885837
2.787377
2.764104
3.022258
2.954217
2.742695
2.694977
2.758667
2.572009
2.985617
2.857271
3.009598
2.680065
2.806155
2.972064
2.986632
2.852233
2.763213
2.879081
2.628094
2.977401
2.927823
2.752103
2.799102
2.949394
2.764467
2.876756
2.980361
2.940772
2.937471
2.748446
2.754853
2.926974
2.831023
2.832212
2.914083
2.706876
2.928698
2.861244
2.922292
2.820586
2.952441
3.087108
2.948986
2.944795
2.894333
2.619745
2.776003
2.879961
2.796626
2.919928
2.984860
2.935161
2.737890
2.881165
2.858739
2.890682
2.834329
2.887158
2.990602
3.043384
2.671847
2.820213
2.623752
3.072266
2.842409
2.713316
2.721282
2.868582
2.786481
2.663059
2.603008
2.735276
2.513499
2.845287
3.185748
2.849221
2.716863
2.702274
2.693002
2.866737
2.997233
3.015891
2.775621
2.928099
2.820829
2.775798
2.783630
2.865158
2.702868
3.191534
2.669278
2.589985
2.826878
2.945798
2.910213
2.896378
2.599254
2.750014
2.871786
2.979516
2.844922
3.074701
2.573927
2.582865
2.998197
2.813039
2.734968
2.709996
2.760733
2.839214
2.825051
2.891418
2.711660
2.836351
2.993188
2.667236
2.881693
2.903723
2.765848
2.952181
2.836048
2.732822
2.840205
2.916603
2.838842
2.710676
2.741250
2.828456
2.961708
2.829626
2.637413
2.840288
2.967547
2.759844
2.901104
2.682825
2.742369
2.612601
3.065150
2.687168
2.811165
2.883512
2.947975
2.827197
2.779400
2.491461
2.742929
2.940589
2.876705
2.676990
2.803251
2.834485
2.702310
2.662405
2.759800
2.878083
2.831164
2.698720
2.690432
2.814608
2.810123
2.888635
2.698178
2.977344
2.687185
2.939811
2.924513
2.707551
2.863386
2.912144
2.825689
3.053092
2.719947
2.900775
3.171623
2.940056
2.718659
3.209571
2.894859
2.779734
3.045502
3.053692
2.625363
2.964140
2.764370
2.836986
3.095425
2.808610
2.616056
2.861891
2.825428
2.814961
2.811337
2.764148
3.126988
2.889267
2.940751
2.879286
2.657882
2.819594
2.715533
2.811179
2.972164
2.604986
2.846907
2.782775
2.754202
2.859274
3.063581
3.075880
2.652821
2.836023
2.818553
2.950896
2.628631
2.912773
2.633537
2.657970
2.699119
2.674468
2.793038
2.808252
2.976771
2.859815
2.909139
2.796865
2.999731
2.976508
2.750347
2.825519
2.737105
2.772192
2.946927
2.905316
3.066391
2.856777
2.720381
2.950392
2.929354
2.750090
2.982177
2.920218
2.904974
2.895239
2.735287
2.838064
2.889123
2.898806
3.097551
2.557765
2.969850
2.750206
3.134232
2.870084
2.889996
2.857835
2.749312
2.851186
2.683440
2.977656
2.535377
2.802078
2.917026
