Individual Fitting Results for State 29
Number of calculations: 416
Average SF: 1.236162
Std Dev:    0.069774
RMS Value:  1.238130

All 416 Spectroscopic Factors:
1.206021
1.154277
1.196847
1.211279
1.276655
1.269779
1.143588
1.172725
1.337785
1.208248
1.272760
1.166693
1.187631
1.224925
1.178322
1.226829
1.251405
1.244450
1.138201
1.202792
1.218196
1.309338
1.223809
1.325817
1.274849
1.233822
1.209297
1.174279
1.119876
1.330921
1.346961
1.153439
1.189528
1.145607
1.199733
1.255260
1.152943
1.204286
1.088725
1.210493
1.064894
1.217268
1.297004
1.227523
1.135148
1.221307
1.248917
1.193853
1.457430
1.217376
1.397118
1.247066
1.152804
1.267213
1.307886
1.261004
1.154508
1.221822
1.234561
1.184333
1.397509
1.199295
1.230207
1.192694
1.225349
1.171588
1.206804
1.279884
1.311676
1.305369
1.136714
1.246917
1.322774
1.239241
1.215367
1.175263
1.142386
1.242884
1.404342
1.297394
1.272689
1.196540
1.286963
1.291173
1.184942
1.137837
1.225733
1.365089
1.103120
1.251092
1.223032
1.302113
1.212583
1.219421
1.186187
1.316058
1.206247
1.290982
1.200885
1.301051
1.175749
1.270020
1.320611
1.167297
1.148385
1.246085
1.297145
1.208025
1.135576
1.235793
1.362017
1.296153
1.169492
1.283320
1.360746
1.169005
1.311646
1.208187
1.258897
1.345302
1.104088
1.107979
1.246671
1.155512
1.207491
1.379094
1.362343
1.185400
1.257068
1.228092
1.173674
1.208054
1.188174
1.271593
1.233793
1.275933
1.459603
1.361974
1.093521
1.213665
1.295178
1.226616
1.210105
1.312586
1.198461
1.285467
1.168679
1.228789
1.206129
1.357411
1.063065
1.253376
1.278441
1.198400
1.188932
1.308954
1.286529
1.184864
1.163027
1.182555
1.135149
1.301835
1.235319
1.311412
1.171857
1.233241
1.308069
1.329105
1.244873
1.214603
1.262901
1.129441
1.326959
1.284788
1.195264
1.219562
1.281840
1.191512
1.262754
1.310502
1.293987
1.284278
1.200186
1.204553
1.267749
1.237885
1.228019
1.271254
1.162428
1.291678
1.222882
1.287459
1.228232
1.288964
1.339523
1.291497
1.262139
1.267158
1.147031
1.203640
1.270033
1.217616
1.272075
1.297408
1.267074
1.178878
1.239751
1.248163
1.259021
1.238500
1.265956
1.329921
1.350797
1.154948
1.240866
1.106661
1.375111
1.228675
1.158420
1.183475
1.259646
1.227212
1.154160
1.131374
1.181507
1.069423
1.243434
1.381054
1.239213
1.169295
1.199300
1.148525
1.250789
1.337460
1.341195
1.179957
1.252957
1.233593
1.190452
1.213854
1.250458
1.176631
1.394208
1.161490
1.107054
1.244004
1.281668
1.263703
1.261842
1.092429
1.195045
1.239499
1.321877
1.248365
1.361215
1.097711
1.111355
1.318697
1.245129
1.154290
1.188051
1.190640
1.244958
1.265637
1.254124
1.179918
1.215214
1.322477
1.155236
1.252449
1.263184
1.201987
1.277027
1.215970
1.175909
1.261692
1.266532
1.233323
1.177075
1.219588
1.248807
1.298496
1.242272
1.138227
1.232485
1.307567
1.170981
1.262785
1.152676
1.197719
1.131774
1.382599
1.170985
1.226596
1.261692
1.289727
1.235938
1.222517
1.086914
1.193228
1.292933
1.261660
1.170014
1.231248
1.250028
1.180399
1.151344
1.201549
1.243522
1.216097
1.190376
1.163001
1.215346
1.206969
1.258706
1.201580
1.323817
1.166364
1.303747
1.259962
1.154188
1.245821
1.297193
1.200917
1.344156
1.176039
1.262622
1.372066
1.279727
1.166040
1.419175
1.278150
1.219044
1.354157
1.353289
1.133191
1.272874
1.201475
1.270532
1.380848
1.219640
1.123353
1.273158
1.224596
1.249904
1.207749
1.204168
1.402899
1.265189
1.282636
1.278859
1.159393
1.237218
1.172215
1.222977
1.306324
1.120966
1.260723
1.201045
1.206948
1.268198
1.338416
1.369336
1.152474
1.236865
1.217158
1.301304
1.128138
1.263061
1.146163
1.144710
1.169910
1.148962
1.209308
1.211247
1.294434
1.247828
1.261721
1.208272
1.328017
1.301085
1.222380
1.229976
1.181268
1.206331
1.300707
1.261118
1.354610
1.278032
1.170820
1.289135
1.262022
1.179418
1.330348
1.281504
1.268408
1.276068
1.183724
1.218600
1.268262
1.267951
1.373427
1.092801
1.306113
1.193968
1.416663
1.279129
1.266604
1.251608
1.185475
1.234202
1.162307
1.322005
1.087564
1.207032
1.290678
