Individual Fitting Results for State 3
Number of calculations: 416
Average SF: 2.238310
Std Dev:    0.113934
RMS Value:  2.241207

All 416 Spectroscopic Factors:
2.124423
2.114853
2.169792
2.040478
2.319356
2.308933
2.168188
2.218282
2.374603
2.146458
2.313385
2.153522
2.214922
2.227023
2.030324
2.186294
2.259651
2.352181
2.153089
2.238846
2.220836
2.440503
2.222127
2.239873
2.386654
2.307946
2.285553
2.118968
2.089162
2.268514
2.345091
2.088161
2.172951
2.285659
2.238329
2.362397
2.137882
2.133198
1.960703
2.154062
1.993537
2.322526
2.178585
2.065844
2.175377
2.191237
2.246551
2.142605
2.423608
2.262318
2.266816
2.190412
2.071411
2.267436
2.334244
2.217364
2.226883
2.286981
2.273307
2.171841
2.327664
2.235843
2.358432
2.267219
2.214179
2.187157
2.218827
2.285987
2.305860
2.387557
2.106680
2.247070
2.326378
2.455515
2.366407
2.147857
2.203576
2.152810
2.458353
2.161196
2.353560
2.220455
2.372843
2.355962
2.114738
2.036526
2.219245
2.412212
2.028512
2.358431
2.175882
2.425370
2.227233
2.315459
2.196446
2.332455
2.213335
2.396774
2.158737
2.404313
2.207750
2.325007
2.246260
2.177986
2.152780
2.261821
2.412159
2.316584
2.133030
2.376411
2.330646
2.313703
2.163586
2.264654
2.446630
2.140609
2.307203
2.212225
2.271150
2.411419
2.101639
2.175567
2.281643
2.101376
2.101446
2.443317
2.252450
2.159513
2.251269
2.179621
2.015657
2.319031
2.364964
2.185040
2.216479
2.368244
2.449707
2.324666
2.086132
2.329994
2.297038
2.198294
2.125738
2.326130
2.060643
2.139839
2.178041
2.426736
2.272253
2.453519
1.963072
2.377765
2.204442
2.218823
2.200339
2.479184
2.417428
2.169614
2.172174
2.293128
1.926370
2.393983
2.312494
2.418265
2.059634
2.141604
2.293871
2.309397
2.230113
2.135792
2.158738
2.129059
2.229159
2.263963
2.143722
2.230986
2.367152
2.252043
2.210328
2.290792
2.363245
2.264737
2.120667
2.136776
2.326803
2.202304
2.275743
2.262579
2.176867
2.307584
2.350748
2.244796
2.228603
2.329203
2.505562
2.356911
2.434119
2.227690
2.046549
2.156482
2.212248
2.198992
2.349001
2.377538
2.402530
2.239081
2.295578
2.252077
2.338330
2.213202
2.268950
2.279546
2.353559
2.153343
2.109541
2.150239
2.339378
2.296264
2.164217
2.157939
2.190761
2.106106
2.134352
2.059239
2.130606
2.049193
2.174571
2.584339
2.232947
2.217050
2.070866
2.148225
2.274912
2.230154
2.261740
2.300729
2.471381
2.305246
2.290471
2.208878
2.227469
2.133970
2.582874
2.055131
2.062369
2.189334
2.355990
2.402919
2.327689
2.155503
2.168528
2.299923
2.277784
2.191988
2.333962
2.153571
2.059258
2.331658
2.118279
2.228394
2.053186
2.213507
2.247514
2.092941
2.285458
2.127105
2.368618
2.321069
2.105082
2.325728
2.328643
2.213194
2.411792
2.341710
2.137851
2.165595
2.331045
2.269372
2.087190
2.097288
2.088849
2.316595
2.196259
2.177395
2.219564
2.234736
2.270402
2.273289
2.186493
2.131607
2.008511
2.277436
2.080225
2.211329
2.274905
2.364534
2.201279
2.129512
1.917700
2.120559
2.278933
2.250717
2.073907
2.182722
2.123423
2.114078
2.045328
2.183652
2.372645
2.202828
2.066765
2.186247
2.242357
2.291722
2.263176
2.022232
2.278615
2.111485
2.305848
2.398613
2.165029
2.261152
2.248438
2.451093
2.331764
2.165853
2.272277
2.657893
2.370695
2.202729
2.482806
2.252224
2.203264
2.360330
2.409640
2.130092
2.475515
2.226424
2.039459
2.343703
2.243328
2.151967
2.100144
2.281461
2.171444
2.295914
2.203190
2.349289
2.283535
2.273353
2.200362
2.049678
2.197487
2.180477
2.233012
2.305981
2.053103
2.156031
2.240936
2.121386
2.191199
2.473340
2.337241
2.122209
2.240606
2.262852
2.295992
2.096390
2.316217
2.100067
2.169857
2.133941
2.084298
2.196369
2.245667
2.431481
2.225962
2.349827
2.256794
2.359682
2.354044
2.018552
2.216408
2.162644
2.167206
2.291397
2.343492
2.395818
2.181371
2.152889
2.374137
2.469319
2.238965
2.241111
2.298281
2.357790
2.240402
2.225460
2.256697
2.245109
2.314135
2.477778
2.103187
2.308628
2.224781
2.328976
2.148514
2.304166
2.289039
2.208977
2.294907
2.111304
2.274421
2.020401
2.208436
2.221221
