Individual Fitting Results for State 5
Number of calculations: 416
Average SF: 0.289663
Std Dev:    0.013553
RMS Value:  0.289979

All 416 Spectroscopic Factors:
0.277237
0.279560
0.278988
0.259721
0.296787
0.291044
0.287714
0.295085
0.300109
0.279790
0.294803
0.288708
0.289873
0.289308
0.266172
0.284627
0.293388
0.310021
0.289967
0.292867
0.283750
0.315662
0.289082
0.281991
0.312186
0.294427
0.293638
0.276881
0.270705
0.289423
0.300825
0.267270
0.284112
0.308598
0.292496
0.304839
0.283540
0.276008
0.264800
0.272985
0.269163
0.297838
0.285764
0.272777
0.287478
0.282067
0.287531
0.277711
0.306580
0.293526
0.276522
0.270709
0.266965
0.291821
0.300030
0.282041
0.298638
0.293148
0.295019
0.285904
0.293490
0.286663
0.307677
0.296156
0.289712
0.285773
0.292855
0.295272
0.297078
0.301567
0.281671
0.279482
0.297997
0.321986
0.313011
0.277133
0.293443
0.275281
0.310780
0.278315
0.298691
0.285760
0.300917
0.301042
0.277657
0.272485
0.286327
0.301180
0.265698
0.304699
0.280730
0.308070
0.293828
0.304882
0.281973
0.294976
0.284126
0.306775
0.282427
0.309575
0.289063
0.294974
0.287631
0.283181
0.285582
0.289981
0.311249
0.302970
0.280881
0.302821
0.290016
0.296180
0.285981
0.297172
0.311240
0.285858
0.292863
0.287847
0.293298
0.307413
0.282845
0.289367
0.296655
0.278967
0.275531
0.306947
0.282627
0.277688
0.294411
0.283375
0.267133
0.302225
0.309780
0.279751
0.277237
0.304097
0.307758
0.292909
0.270686
0.303559
0.291294
0.279297
0.277243
0.300543
0.271773
0.277974
0.293169
0.317699
0.295546
0.312060
0.261033
0.305670
0.280262
0.281719
0.290740
0.320543
0.313862
0.286092
0.284242
0.299679
0.256962
0.304678
0.300468
0.315322
0.266949
0.275850
0.294691
0.296751
0.285773
0.275684
0.278724
0.281681
0.285547
0.286676
0.276458
0.290981
0.301711
0.294943
0.285825
0.299289
0.307480
0.292459
0.278836
0.278760
0.300650
0.284448
0.297935
0.292871
0.285015
0.302727
0.306382
0.291861
0.286536
0.301841
0.317286
0.302582
0.309981
0.280090
0.268450
0.280293
0.285885
0.286499
0.301415
0.303567
0.311029
0.288174
0.293692
0.297193
0.302921
0.284729
0.290923
0.289937
0.302088
0.279572
0.272270
0.283401
0.297314
0.300898
0.282860
0.279837
0.281758
0.270874
0.280935
0.275473
0.277667
0.269073
0.280087
0.332388
0.288699
0.291711
0.272083
0.279107
0.292574
0.283155
0.292987
0.306895
0.319381
0.295352
0.300759
0.284183
0.285058
0.274541
0.326771
0.270976
0.271034
0.289347
0.295780
0.312782
0.300761
0.287722
0.284305
0.304087
0.291479
0.289504
0.295511
0.294328
0.269991
0.294647
0.273270
0.291392
0.267249
0.293646
0.292295
0.266808
0.295483
0.279051
0.307123
0.290276
0.271166
0.302670
0.298953
0.285807
0.309863
0.303402
0.277907
0.281272
0.303335
0.293900
0.272196
0.266042
0.269984
0.294804
0.283820
0.286633
0.287122
0.285638
0.298791
0.289619
0.287118
0.269957
0.264200
0.287453
0.269063
0.281042
0.292542
0.298857
0.280698
0.273942
0.260032
0.275551
0.294774
0.290901
0.272919
0.284836
0.272406
0.272254
0.269994
0.283753
0.311179
0.280932
0.273561
0.288277
0.282514
0.294257
0.289315
0.264158
0.294098
0.274689
0.289341
0.315591
0.286758
0.296123
0.289197
0.322600
0.298684
0.282410
0.294119
0.342901
0.308033
0.285014
0.313339
0.287854
0.277804
0.301158
0.310632
0.283088
0.320596
0.294715
0.261257
0.301098
0.294014
0.270346
0.262302
0.299880
0.282612
0.303148
0.283923
0.294814
0.295774
0.285893
0.287095
0.265759
0.286629
0.281465
0.284143
0.292480
0.270546
0.281370
0.288730
0.276231
0.287906
0.319347
0.295792
0.271688
0.287884
0.294109
0.287120
0.274781
0.304786
0.271374
0.289425
0.275784
0.274722
0.287969
0.290029
0.315124
0.289941
0.303623
0.294179
0.302026
0.306949
0.262260
0.290779
0.279581
0.281605
0.290879
0.306319
0.305156
0.278277
0.279403
0.310783
0.317556
0.291029
0.278208
0.296187
0.305796
0.290010
0.293889
0.299725
0.294857
0.293867
0.318739
0.277462
0.292087
0.289776
0.290018
0.274790
0.294350
0.296655
0.287156
0.292299
0.276062
0.288917
0.260331
0.286284
0.282714
