Individual Fitting Results for State 16
Number of calculations: 416
Average SF: 0.497559
Std Dev:    0.024108
RMS Value:  0.498143

All 416 Spectroscopic Factors:
0.475868
0.473628
0.476245
0.458770
0.513510
0.511189
0.479811
0.490961
0.530769
0.478823
0.513213
0.481991
0.487894
0.493936
0.457057
0.487039
0.502566
0.520944
0.480559
0.496789
0.488813
0.538922
0.492565
0.502778
0.529435
0.510370
0.502273
0.471588
0.461976
0.507404
0.523435
0.460829
0.482340
0.504339
0.496374
0.519458
0.476182
0.475016
0.442846
0.479825
0.444636
0.510944
0.492085
0.467023
0.479199
0.488000
0.497908
0.477118
0.544503
0.501309
0.510807
0.483636
0.460919
0.503991
0.519377
0.490784
0.493678
0.504945
0.504429
0.481259
0.522976
0.490257
0.519901
0.501114
0.493537
0.486049
0.495237
0.508256
0.515437
0.527183
0.469267
0.497790
0.518315
0.539366
0.522643
0.472451
0.487563
0.481152
0.549996
0.487715
0.519858
0.490472
0.525957
0.522737
0.473583
0.455607
0.493887
0.536480
0.449270
0.521096
0.484890
0.534820
0.495758
0.511425
0.487384
0.517928
0.485994
0.531063
0.480651
0.533804
0.486844
0.514183
0.504630
0.482850
0.475980
0.501361
0.532818
0.508511
0.472518
0.524040
0.521391
0.514563
0.479180
0.503386
0.544731
0.477442
0.513415
0.492701
0.504282
0.535357
0.464907
0.479230
0.508501
0.467516
0.471012
0.543951
0.508384
0.483311
0.501643
0.488072
0.454085
0.510567
0.519114
0.490156
0.489789
0.523635
0.551830
0.520567
0.458829
0.515140
0.510759
0.487822
0.476401
0.518660
0.463862
0.482255
0.487729
0.529198
0.503492
0.544872
0.437534
0.524436
0.493035
0.489750
0.490250
0.546339
0.533366
0.481783
0.482529
0.499535
0.437356
0.527786
0.509645
0.536854
0.460428
0.479309
0.512771
0.515771
0.496545
0.477941
0.485274
0.472381
0.501554
0.507050
0.478581
0.495716
0.523768
0.497175
0.495350
0.514163
0.523306
0.505737
0.473304
0.476893
0.515587
0.491746
0.503339
0.504146
0.480780
0.513546
0.516498
0.503376
0.496652
0.516909
0.550908
0.522645
0.535576
0.497244
0.457693
0.482626
0.497035
0.489955
0.519816
0.527332
0.528764
0.491390
0.507008
0.503252
0.517029
0.490537
0.504432
0.511616
0.525992
0.476823
0.477555
0.471992
0.524855
0.510765
0.480856
0.479196
0.490644
0.469828
0.476437
0.458154
0.473298
0.450237
0.487733
0.571305
0.495413
0.491377
0.464654
0.475688
0.506052
0.500909
0.509154
0.506264
0.543588
0.508330
0.504988
0.489704
0.494962
0.473505
0.570348
0.462360
0.456138
0.488430
0.519047
0.526615
0.512908
0.476507
0.482841
0.509183
0.511184
0.492753
0.522073
0.477660
0.458834
0.518833
0.475932
0.487754
0.462243
0.492488
0.501213
0.473106
0.506703
0.473222
0.515686
0.515609
0.468738
0.516507
0.514097
0.492067
0.531833
0.516397
0.474840
0.488144
0.515496
0.502833
0.467410
0.468923
0.472659
0.515691
0.490937
0.480979
0.496782
0.502633
0.495774
0.502067
0.484092
0.473792
0.449118
0.511301
0.461199
0.488795
0.506018
0.526028
0.488389
0.478150
0.432835
0.473952
0.508140
0.501930
0.463487
0.488140
0.477961
0.471676
0.456836
0.484598
0.526773
0.488569
0.464164
0.485098
0.494127
0.503569
0.502339
0.458048
0.510302
0.468791
0.511676
0.528904
0.474583
0.501143
0.502884
0.538864
0.519671
0.481745
0.503785
0.584665
0.525981
0.487906
0.552518
0.502547
0.487463
0.528001
0.538143
0.474821
0.544698
0.493960
0.466261
0.526699
0.498558
0.467603
0.473669
0.503400
0.487404
0.508508
0.488747
0.527853
0.507629
0.504551
0.494677
0.459207
0.489988
0.482064
0.492998
0.514653
0.456533
0.487130
0.495316
0.473734
0.492394
0.546815
0.522227
0.469927
0.499139
0.501529
0.508632
0.465021
0.514654
0.463762
0.479648
0.472472
0.463630
0.488867
0.493634
0.537513
0.495544
0.521414
0.497981
0.525462
0.523245
0.457741
0.494421
0.480477
0.483956
0.510820
0.518062
0.531924
0.490430
0.480887
0.526457
0.542625
0.491503
0.503111
0.509678
0.519928
0.501138
0.489436
0.502628
0.501395
0.512866
0.552556
0.464599
0.511102
0.492559
0.524788
0.483516
0.510776
0.507435
0.491202
0.509373
0.471208
0.512461
0.443687
0.486240
0.496152
