# angle        average        +1sigma        +2sigma        -1sigma        -2sigma
0.0000000000 37.3449871394 38.9578677903 40.5707484412 35.7321064885 34.1192258377
1.0000000000 37.3159115144 38.9262808762 40.5366502379 35.7055421527 34.0951727909
2.0000000000 37.2284882212 38.8314004647 40.4343127083 35.6255759776 34.0226637340
3.0000000000 37.0820832212 38.6728168213 40.2635504215 35.4913496210 33.9006160208
4.0000000000 36.8755116346 38.4497019254 40.0238922163 35.3013213438 33.7271310530
5.0000000000 36.6068808413 38.1606286836 39.7143765258 35.0531329991 33.4993851569
6.0000000000 36.2734440865 37.8033925768 39.3333410670 34.7434955963 33.2135471060
7.0000000000 35.8715159135 37.3748929744 38.8782700353 34.3681388526 32.8647617917
8.0000000000 35.3964967548 36.8711164932 38.3457362315 33.9218770165 32.4472572781
9.0000000000 34.8430375240 36.2872681089 37.7314986938 33.3988069392 31.9545763543
10.0000000000 34.2053592067 35.6180533151 37.0307474234 32.7926650984 31.3799709901
11.0000000000 33.4777108894 34.8581118498 36.2385128102 32.0973099291 30.7169089687
12.0000000000 32.6549284375 34.0025570528 35.3501856681 31.3072998222 29.9596712069
13.0000000000 31.7330455288 33.0475781691 34.3621108094 30.4185128886 29.1039802483
14.0000000000 30.7098902885 31.9910388220 33.2721873555 29.4287417549 28.1475932214
15.0000000000 29.5856047115 30.8330086049 32.0804124982 28.3382008182 27.0907969248
16.0000000000 28.3630351442 29.5761736059 30.7893120675 27.1498966826 25.9367582210
17.0000000000 27.0479577885 28.2260861332 29.4042144780 25.8698294437 24.6917010989
18.0000000000 25.6491129567 26.7912309102 27.9333488636 24.5069950033 23.3648770499
19.0000000000 24.1780583173 25.2829026830 26.3877470486 23.0732139517 21.9683695860
20.0000000000 22.6488534615 23.7149222590 24.7809910564 21.5827846641 20.5167158667
21.0000000000 21.0776110337 22.1032076809 23.1288043282 20.0520143864 19.0264177391
22.0000000000 19.4819502163 20.4652484199 21.4485466234 18.4986520128 17.5153538093
23.0000000000 17.8803943269 18.8195161316 19.7586379363 16.9412725222 16.0021507175
24.0000000000 16.2917468510 17.1848479580 18.0779490651 15.3986457439 14.5055446368
25.0000000000 14.7344813462 15.5798414501 16.4252015541 13.8891212422 13.0437611382
26.0000000000 13.2261693750 14.0222788367 14.8183882985 12.4300599133 11.6339504515
27.0000000000 11.7829612500 12.5286029051 13.2742445602 11.0373195949 10.2916779398
28.0000000000 10.4191434952 11.1134638935 11.8077842919 9.7248230969 9.0305026985
29.0000000000 9.1467794808 9.7893473498 10.4319152189 8.5042116117 7.8616437427
30.0000000000 7.9754427139 8.5662913435 9.1571399730 7.3845940844 6.7937454549
31.0000000000 6.9120507740 7.4517042043 7.9913576346 6.3723973438 5.8327439135
32.0000000000 5.9607999207 6.4502803990 6.9397608774 5.4713194423 4.9818389640
33.0000000000 5.1232016274 5.5640212562 6.0048408850 4.6823819986 4.2415623698
34.0000000000 4.3982119447 4.7923486107 5.1864852767 4.0040752787 3.6099386127
35.0000000000 3.7824444231 4.1323054739 4.4821665247 3.4325833723 3.0827223215
36.0000000000 3.2704509808 3.5788276702 3.8872043596 2.9620742914 2.6536976019
37.0000000000 2.8550523726 3.1250689478 3.3950855231 2.5850357974 2.3150192221
38.0000000000 2.5277001755 2.7627619539 2.9978237322 2.2926383971 2.0575766187
39.0000000000 2.2788503029 2.4825944134 2.6863385240 2.0751061923 1.8713620818
40.0000000000 2.0983314255 2.2745821024 2.4508327794 1.9220807485 1.7458300716
41.0000000000 1.9756938990 2.1284211194 2.2811483399 1.8229666786 1.6702394582
42.0000000000 1.9005277740 2.0338007756 2.1670737771 1.7672547725 1.6339817710
43.0000000000 1.8627424880 1.9806595522 2.0985766165 1.7448254237 1.6269083595
44.0000000000 1.8528038245 1.9593744048 2.0659449850 1.7462332443 1.6396626640
45.0000000000 1.8619258822 1.9608949476 2.0598640130 1.7629568168 1.6639877515
46.0000000000 1.8822191995 1.9768634573 2.0715077151 1.7875749417 1.6929306840
47.0000000000 1.9067957115 1.9997615425 2.0927273735 1.8138298805 1.7208640495
48.0000000000 1.9298340745 2.0230770309 2.1163199873 1.8365911181 1.7433481617
49.0000000000 1.9466082212 2.0414374996 2.1362667781 1.8517789427 1.7569496642
50.0000000000 1.9534825240 2.0506653678 2.1478482116 1.8562996802 1.7591168364
51.0000000000 1.9478777764 2.0477556089 2.1476334414 1.8479999439 1.7481221114
52.0000000000 1.9282112957 2.0308000817 2.1333888678 1.8256225096 1.7230337236
53.0000000000 1.8938155337 1.9988831431 2.1039507525 1.7887479242 1.6836803148
54.0000000000 1.8448386106 1.9519632733 2.0590879360 1.7377139479 1.6305892852
55.0000000000 1.7821318053 1.8907475001 1.9993631948 1.6735161105 1.5649004158
56.0000000000 1.7071271418 1.8165619076 1.9259966734 1.5976923760 1.4882576102
57.0000000000 1.6217103894 1.7312207724 1.8407311553 1.5122000065 1.4026896235
58.0000000000 1.5280935144 1.6368978527 1.7457021909 1.4192891762 1.3104848379
59.0000000000 1.4286911034 1.5360015298 1.6433119562 1.3213806770 1.2140702505
60.0000000000 1.3260045120 1.4310580178 1.5361115236 1.2209510062 1.1158975005
61.0000000000 1.2225174200 1.3246055893 1.4266937587 1.1204292506 1.0183410812
62.0000000000 1.1206050820 1.2191015794 1.3175980768 1.0221085846 0.9236120872
63.0000000000 1.0224594200 1.1168448290 1.2112302380 0.9280740109 0.8336886019
64.0000000000 0.9300301611 1.0199134116 1.1097966622 0.8401469105 0.7502636599
65.0000000000 0.8449819923 0.9301180417 1.0152540911 0.7598459429 0.6747098935
66.0000000000 0.7686667058 0.8489699144 0.9292731231 0.6883634971 0.6080602884
67.0000000000 0.7021088546 0.7776613080 0.8532137615 0.6265564011 0.5510039476
68.0000000000 0.6460029995 0.7170563665 0.7881097336 0.5749496325 0.5038962655
69.0000000000 0.6007208909 0.6676901405 0.7346593902 0.5337516412 0.4667823916
70.0000000000 0.5663267332 0.6297732238 0.6932197145 0.5028802425 0.4394337519
71.0000000000 0.5425991510 0.6032011036 0.6638030562 0.4819971983 0.4213952457
72.0000000000 0.5290586406 0.5875691584 0.6460796762 0.4705481228 0.4120376050
73.0000000000 0.5249994661 0.5821959197 0.6393923732 0.4678030125 0.4106065590
74.0000000000 0.5295250608 0.5861579378 0.6427908148 0.4728921838 0.4162593068
75.0000000000 0.5415861077 0.5983369730 0.6550878383 0.4848352424 0.4280843771
76.0000000000 0.5600201466 0.6174757927 0.6749314388 0.5025645005 0.4451088544
77.0000000000 0.5835917334 0.6422361716 0.7008806098 0.5249472952 0.4663028571
78.0000000000 0.6110317858 0.6712525464 0.7314733069 0.5508110253 0.4905902647
79.0000000000 0.6410749822 0.7031776939 0.7652804056 0.5789722705 0.5168695588
80.0000000000 0.6724939031 0.7367193128 0.8009447225 0.6082684934 0.5440430837
81.0000000000 0.7041289575 0.7706681870 0.8372074166 0.6375897279 0.5710504984
82.0000000000 0.7349133673 0.8039191601 0.8729249528 0.6659075745 0.5969017818
83.0000000000 0.7638926952 0.8354860384 0.9070793816 0.6922993520 0.6207060088
84.0000000000 0.7902389236 0.8645114172 0.9387839108 0.7159664300 0.6416939364
85.0000000000 0.8132592981 0.8902723997 0.9672855014 0.7362461964 0.6592330947
86.0000000000 0.8324003543 0.9121825924 0.9919648304 0.7526181163 0.6728358783
87.0000000000 0.8472478752 0.9297913357 1.0123347963 0.7647044147 0.6821609542
88.0000000000 0.8575234002 0.9427804995 1.0280375988 0.7722663010 0.6870092017
89.0000000000 0.8630780046 0.9509591372 1.0388402698 0.7751968720 0.6873157394
90.0000000000 0.8638839829 0.9542566629 1.0446293428 0.7735113030 0.6831386231
91.0000000000 0.8600249579 0.9527146082 1.0454042585 0.7673353077 0.6746456574
92.0000000000 0.8516846620 0.9464768349 1.0412690078 0.7568924891 0.6621003162
93.0000000000 0.8391350014 0.9357793720 1.0324237425 0.7424906309 0.6458462604
94.0000000000 0.8227231945 0.9209385651 1.0191539357 0.7245078238 0.6262924532
95.0000000000 0.8028585851 0.9023390861 1.0018195871 0.7033780841 0.6038975830
96.0000000000 0.7799989817 0.8804208261 0.9808426704 0.6795771374 0.5791552930
97.0000000000 0.7546370308 0.8556658472 0.9566946637 0.6536082143 0.5525793978
98.0000000000 0.7272865820 0.8285847859 0.9298829899 0.6259883780 0.5246901741
99.0000000000 0.6984695981 0.7997037550 0.9009379118 0.5972354412 0.4960012843
100.0000000000 0.6687036983 0.7695515264 0.8703993545 0.5678558702 0.4670080422
101.0000000000 0.6384907425 0.7386476394 0.8388045363 0.5383338457 0.4381769488
102.0000000000 0.6083067207 0.7074916443 0.8066765680 0.5091217970 0.4099368733
103.0000000000 0.5785930897 0.6765536599 0.7745142302 0.4806325194 0.3826719492
104.0000000000 0.5497498118 0.6462665604 0.7427833091 0.4532330631 0.3567163145
105.0000000000 0.5221300933 0.6170198317 0.7119095702 0.4272403548 0.3323506163
106.0000000000 0.4960368272 0.5891550143 0.6822732014 0.4029186401 0.3098004530
107.0000000000 0.4717206875 0.5629628678 0.6542050481 0.3804785072 0.2892363269
108.0000000000 0.4493797437 0.5386820264 0.6279843091 0.3600774611 0.2707751784
109.0000000000 0.4291603877 0.5164989615 0.6038375353 0.3418218140 0.2544832402
110.0000000000 0.4111593800 0.4965491081 0.5819388362 0.3257696520 0.2403799239
111.0000000000 0.3954268320 0.4789189510 0.5624110701 0.3119347129 0.2284425939
112.0000000000 0.3819698774 0.4636488864 0.5453278955 0.3002908684 0.2186118593
113.0000000000 0.3707568784 0.4507366940 0.5307165096 0.2907770627 0.2107972471
114.0000000000 0.3617219745 0.4401414768 0.5185609790 0.2833024723 0.2048829700
115.0000000000 0.3547698281 0.4317879854 0.5088061427 0.2777516708 0.2007335135
116.0000000000 0.3497804224 0.4255712190 0.5013620156 0.2739896257 0.1981988291
117.0000000000 0.3466138822 0.4213612917 0.4961087012 0.2718664727 0.1971190632
118.0000000000 0.3451151392 0.4190083825 0.4929016257 0.2712218959 0.1973286526
119.0000000000 0.3451183834 0.4183477627 0.4915771419 0.2718890042 0.1986596249
120.0000000000 0.3464513264 0.4192048048 0.4919582832 0.2736978480 0.2009443697
121.0000000000 0.3489390781 0.4213997586 0.4938604391 0.2764783976 0.2040177171
122.0000000000 0.3524077325 0.4247523054 0.4970968783 0.2800631595 0.2077185866
123.0000000000 0.3566875026 0.4290855669 0.5014836311 0.2842894384 0.2118913742
124.0000000000 0.3616154541 0.4342296809 0.5068439078 0.2890012272 0.2163870004
125.0000000000 0.3670377800 0.4400246855 0.5130115910 0.2940508746 0.2210639691
126.0000000000 0.3728116024 0.4463227242 0.5198338460 0.2993004806 0.2257893588
127.0000000000 0.3788063202 0.4529895611 0.5271728021 0.3046230793 0.2304398383
128.0000000000 0.3849044500 0.4599053795 0.5349063089 0.3099035205 0.2349025911
129.0000000000 0.3910020849 0.4669649857 0.5429278865 0.3150391840 0.2390762832
130.0000000000 0.3970089014 0.4740773981 0.5511458947 0.3199404048 0.2428719082
131.0000000000 0.4028477844 0.4811649589 0.5594821334 0.3245306099 0.2462134354
132.0000000000 0.4084541834 0.4881621070 0.5678700306 0.3287462598 0.2490383363
133.0000000000 0.4137751154 0.4950138199 0.5762525245 0.3325364108 0.2512977063
134.0000000000 0.4187680327 0.5016739552 0.5845798777 0.3358621102 0.2529561877
135.0000000000 0.4233994887 0.5081034941 0.5928074995 0.3386954833 0.2539914779
136.0000000000 0.4276437394 0.5142688075 0.6008938755 0.3410186714 0.2543936034
137.0000000000 0.4314813000 0.5201400540 0.6087988080 0.3428225460 0.2541637920
138.0000000000 0.4348975142 0.5256896768 0.6164818394 0.3441053516 0.2533131889
139.0000000000 0.4378812188 0.5308911571 0.6239010954 0.3448712804 0.2518613421
140.0000000000 0.4404235094 0.5357179364 0.6310123634 0.3451290823 0.2498346553
141.0000000000 0.4425166370 0.5401426027 0.6377685685 0.3448906713 0.2472647056
142.0000000000 0.4441531349 0.5441363029 0.6441194709 0.3441699669 0.2441867989
143.0000000000 0.4453250993 0.5476684372 0.6500117750 0.3429817614 0.2406384235
144.0000000000 0.4460237029 0.5507065413 0.6553893798 0.3413408645 0.2366580260
145.0000000000 0.4462389440 0.5532164520 0.6601939600 0.3392614360 0.2322839279
146.0000000000 0.4459596022 0.5551626639 0.6643657256 0.3367565404 0.2275534787
147.0000000000 0.4451733873 0.5565088955 0.6678444038 0.3338378790 0.2225023707
148.0000000000 0.4438673296 0.5572188649 0.6705704002 0.3305157943 0.2171642590
149.0000000000 0.4420283038 0.5572572090 0.6724861142 0.3267993987 0.2115704935
150.0000000000 0.4396437255 0.5565905370 0.6735373484 0.3226969140 0.2057501025
151.0000000000 0.4367023748 0.5551886285 0.6736748822 0.3182161210 0.1997298673
152.0000000000 0.4331952825 0.5530256572 0.6728560320 0.3133649077 0.1935345329
153.0000000000 0.4291167075 0.5500814639 0.6710462204 0.3081519510 0.1871871945
154.0000000000 0.4244650921 0.5463428362 0.6682205803 0.3025873480 0.1807096039
155.0000000000 0.4192440192 0.5418047098 0.6643654003 0.2966833287 0.1741226382
156.0000000000 0.4134631212 0.5364713146 0.6594795081 0.2904549277 0.1674467342
157.0000000000 0.4071388687 0.5303571542 0.6535754397 0.2839205833 0.1607022978
158.0000000000 0.4002952630 0.5234878142 0.6466803654 0.2771027118 0.1539101606
159.0000000000 0.3929643656 0.5159005925 0.6388368193 0.2700281388 0.1470919120
160.0000000000 0.3851866345 0.5076448355 0.6301030364 0.2627284336 0.1402702327
161.0000000000 0.3770110977 0.4987820500 0.6205530022 0.2552401454 0.1334691931
162.0000000000 0.3684952786 0.4893857022 0.6102761257 0.2476048550 0.1267144314
163.0000000000 0.3597049210 0.4795407352 0.5993765493 0.2398691068 0.1200332926
164.0000000000 0.3507134738 0.4693427413 0.5879720088 0.2320842063 0.1134549388
165.0000000000 0.3416013795 0.4588969014 0.5761924232 0.2243058577 0.1070103359
166.0000000000 0.3324551318 0.4483165930 0.5641780542 0.2165936706 0.1007322094
167.0000000000 0.3233661398 0.4377217386 0.5520773374 0.2090105410 0.0946549422
168.0000000000 0.3144294342 0.4272369782 0.5400445222 0.2016218901 0.0888143461
169.0000000000 0.3057422191 0.4169896070 0.5282369948 0.1944948313 0.0832474434
170.0000000000 0.2974023011 0.4071074227 0.5168125442 0.1876971796 0.0779920581
171.0000000000 0.2895064777 0.3977164932 0.5059265087 0.1812964622 0.0730864467
172.0000000000 0.2821488169 0.3889388740 0.4957289311 0.1753587597 0.0685687026
173.0000000000 0.2754190083 0.3808904437 0.4863618792 0.1699475728 0.0644761373
174.0000000000 0.2694007238 0.3736787911 0.4779568584 0.1651226565 0.0608445892
175.0000000000 0.2641700424 0.3674012733 0.4706325042 0.1609388114 0.0577075805
176.0000000000 0.2597940161 0.3621432821 0.4644925482 0.1574447500 0.0550954840
177.0000000000 0.2563293912 0.3579767758 0.4596241604 0.1546820066 0.0530346220
178.0000000000 0.2538214952 0.3549589794 0.4560964635 0.1526840111 0.0515465270
179.0000000000 0.2523033602 0.3531314812 0.4539596021 0.1514752393 0.0506471184
180.0000000000 0.2517950672 0.3525194915 0.4532439158 0.1510706428 0.0503462185
