# angle        average        +1sigma        +2sigma        -1sigma        -2sigma
0.0000000000 113.8428084135 118.5255269258 123.2082454381 109.1600899011 104.4773713888
1.0000000000 113.2219423798 117.8855643545 122.5491863292 108.5583204051 103.8946984304
2.0000000000 111.3787752163 115.9856060440 120.5924368716 106.7719443887 102.1651135611
3.0000000000 108.3718130048 112.8856559394 117.3994988740 103.8579700702 99.3441271356
4.0000000000 104.2987994231 108.6859539211 113.0731084191 99.9116449251 95.5244904271
5.0000000000 99.2960435337 103.5262554148 107.7564672960 95.0658316525 90.8356197713
6.0000000000 93.5355913221 97.5829779343 101.6303645465 89.4882047099 85.4408180978
7.0000000000 87.2190445433 91.0628749516 94.9067053599 83.3752141350 79.5313837267
8.0000000000 80.5672816346 84.1925934707 87.8179053068 76.9419697985 73.3166579624
9.0000000000 73.8060888942 77.2040125323 80.6019361703 70.4081652562 67.0102416182
10.0000000000 67.1488112500 70.3165223272 73.4842334044 63.9811001728 60.8133890956
11.0000000000 60.7781815625 63.7183875178 66.6585934731 57.8379756072 54.8977696519
12.0000000000 54.8302917067 57.5502240308 60.2701563548 52.1103593827 49.3904270587
13.0000000000 49.3839259856 51.8938931385 54.4038602915 46.8739588326 44.3639916796
14.0000000000 44.4579523317 46.7696454741 49.0813386165 42.1462591893 39.8345660469
15.0000000000 40.0181202404 42.1429728434 44.2678254464 37.8932676374 35.7684150344
16.0000000000 35.9926198317 37.9405774263 39.8885350208 34.0446622372 32.0967046427
17.0000000000 32.2935442548 34.0725305730 35.8515168913 30.5145579366 28.7355716184
18.0000000000 28.8396956010 30.4558841920 32.0720727830 27.2235070100 25.6073184189
19.0000000000 25.5754894231 27.0342699264 28.4930504297 24.1167089198 22.6579284165
20.0000000000 22.4815985337 23.7889496545 25.0963007753 21.1742474128 19.8668962920
21.0000000000 19.5751842788 20.7390841569 21.9029840350 18.4112844008 17.2473845227
22.0000000000 16.9005413221 17.9320505269 18.9635597317 15.8690321173 14.8375229125
23.0000000000 14.5136637500 15.4273859081 16.3411080662 13.5999415919 12.6862194338
24.0000000000 12.4656153606 13.2793180864 14.0930208121 11.6519126348 10.8382099090
25.0000000000 10.7892641611 11.5225838843 12.2559036075 10.0559444379 9.3226247147
26.0000000000 9.4920453413 10.1644556810 10.8368660207 8.8196350016 8.1472246620
27.0000000000 8.5549649880 9.1835498340 9.8121346800 7.9263801420 7.2977952959
28.0000000000 7.9361275697 8.5339191985 9.1317108273 7.3383359409 6.7405443121
29.0000000000 7.5764195601 8.1518162959 8.7272130316 7.0010228243 6.4256260886
30.0000000000 7.4056551707 7.9628765124 8.5200978540 6.8484338290 6.2912124873
31.0000000000 7.3487573822 7.8889010656 8.4290447490 6.8086136988 6.2684700154
32.0000000000 7.3324497332 7.8546905861 8.3769314390 6.8102088802 6.2879680273
33.0000000000 7.2928123990 7.7954542414 8.2980960837 6.7901705567 6.2875287144
34.0000000000 7.1830002764 7.6642608107 8.1455213450 6.7017397422 6.2204792079
35.0000000000 6.9791926442 7.4377058086 7.8962189730 6.5206794799 6.0621663155
36.0000000000 6.6824095817 7.1174848131 7.5525600445 6.2473343503 5.8122591189
37.0000000000 6.3147354207 6.7264330403 7.1381306599 5.9030378010 5.4913401814
38.0000000000 5.9104730168 6.2995438756 6.6886147344 5.5214021580 5.1323312992
39.0000000000 5.5048638365 5.8725771691 6.2402905017 5.1371505039 4.7694371713
40.0000000000 5.1241247163 5.4719936649 5.8198626134 4.7762557678 4.4283868193
41.0000000000 4.7800334399 5.1094745000 5.4389155602 4.4505923798 4.1211513196
42.0000000000 4.4703583966 4.7823747192 5.0943910418 4.1583420740 3.8463257514
43.0000000000 4.1840188053 4.4790296298 4.7740404544 3.8890079807 3.5939971562
44.0000000000 3.9081504856 4.1860534738 4.4639564621 3.6302474973 3.3523445090
45.0000000000 3.6339740769 3.8944330181 4.1548919592 3.3735151358 3.1130561946
46.0000000000 3.3594911178 3.6023420702 3.8451930227 3.1166401653 2.8737892129
47.0000000000 3.0888299327 3.3144495452 3.5400691577 2.8632103202 2.6375907077
48.0000000000 2.8295610673 3.0390616595 3.2485622517 2.6200604751 2.4105598829
49.0000000000 2.5898187163 2.7850129128 2.9802071092 2.3946245199 2.1994303235
50.0000000000 2.3765411346 2.5597237707 2.7429064068 2.1933584985 2.0101758624
51.0000000000 2.1950720024 2.3687441197 2.5424162370 2.0213998851 1.8477277678
52.0000000000 2.0494547308 2.2161092526 2.3827637744 1.8828002090 1.7161456872
53.0000000000 1.9424885337 2.1044921064 2.2664956791 1.7804849609 1.6184813882
54.0000000000 1.8750410216 2.0345576899 2.1940743581 1.7155243534 1.5560076852
55.0000000000 1.8448557428 2.0037455936 2.1626354445 1.6859658919 1.5270760411
56.0000000000 1.8456420481 2.0053324984 2.1650229487 1.6859515978 1.5262611474
57.0000000000 1.8672557837 2.0286468231 2.1900378626 1.7058647442 1.5444737047
58.0000000000 1.8972780361 2.0607425023 2.2242069685 1.7338135699 1.5703491036
59.0000000000 1.9235860817 2.0890727195 2.2545593572 1.7580994440 1.5926128063
60.0000000000 1.9369967692 2.1041926865 2.2713886038 1.7698008520 1.6026049347
61.0000000000 1.9330066683 2.1014997351 2.2699928020 1.7645136014 1.5960205346
62.0000000000 1.9120646971 2.0814646265 2.2508645559 1.7426647677 1.5732648383
63.0000000000 1.8784414159 2.0484467094 2.2184520029 1.7084361224 1.5384308289
64.0000000000 1.8382914231 2.0087138419 2.1791362607 1.6678690043 1.4974465855
65.0000000000 1.7977019567 1.9684671853 2.1392324140 1.6269367281 1.4561714995
66.0000000000 1.7613486250 1.9324873410 2.1036260570 1.5902099090 1.4190711930
67.0000000000 1.7319826418 1.9036160978 2.0752495537 1.5603491859 1.3887157299
68.0000000000 1.7105795216 1.8828971574 2.0552147932 1.5382618859 1.3659442501
69.0000000000 1.6967694832 1.8699951316 2.0432207800 1.5235438348 1.3503181864
70.0000000000 1.6892028918 1.8635499545 2.0378970172 1.5148558291 1.3405087665
71.0000000000 1.6857023774 1.8613214868 2.0369405961 1.5100832680 1.3344641587
72.0000000000 1.6832810745 1.8602062303 2.0371313861 1.5063559187 1.3294307630
73.0000000000 1.6782290505 1.8563299539 2.0344308573 1.5001281471 1.3220272437
74.0000000000 1.6664419159 1.8453895880 2.0243372601 1.4874942437 1.3085465716
75.0000000000 1.6440241514 1.8232780135 2.0025318756 1.4647702894 1.2855164273
76.0000000000 1.6080281106 1.7868494410 1.9656707714 1.4292067802 1.2503854498
77.0000000000 1.5570933870 1.7345864532 1.9120795194 1.3796003208 1.2021072547
78.0000000000 1.4917602812 1.6669357840 1.8421112868 1.3165847785 1.1414092757
79.0000000000 1.4143489639 1.5862001357 1.7580513074 1.2424977922 1.0706466205
80.0000000000 1.3284471089 1.4960249700 1.6636028310 1.1608692478 0.9932913868
81.0000000000 1.2381782228 1.4006539178 1.5631296128 1.0757025279 0.9132268329
82.0000000000 1.1474724260 1.3041782987 1.4608841715 0.9907665532 0.8340606804
83.0000000000 1.0595254728 1.2099719283 1.3604183839 0.9090790173 0.7586325618
84.0000000000 0.9765405161 1.1204120245 1.2642835330 0.8326690077 0.6887974992
85.0000000000 0.8997384954 1.0368752095 1.1740119236 0.7626017814 0.6254650673
86.0000000000 0.8295483437 0.9599208104 1.0902932770 0.6991758771 0.5688034105
87.0000000000 0.7658592880 0.8895413130 1.0132233380 0.6421772630 0.5184952380
88.0000000000 0.7082414971 0.8253831327 0.9425247684 0.5910998615 0.4739582259
89.0000000000 0.6560894296 0.7668892212 0.8776890129 0.5452896379 0.4344898463
90.0000000000 0.6086937127 0.7133691151 0.8180445175 0.5040183104 0.3993429080
91.0000000000 0.5652787137 0.6640358221 0.7627929304 0.4665216053 0.3677644970
92.0000000000 0.5250470832 0.6180536063 0.7110601295 0.4320405600 0.3390340369
93.0000000000 0.4872550476 0.5746226149 0.6619901821 0.3998874803 0.3125199131
94.0000000000 0.4513146820 0.5330960285 0.6148773751 0.3695333354 0.2877519889
95.0000000000 0.4168969438 0.4931005017 0.5693040597 0.3406933858 0.2644898278
96.0000000000 0.3840004827 0.4546207165 0.5252409502 0.3133802489 0.2427600151
97.0000000000 0.3529582440 0.4180163773 0.4830745107 0.2879001106 0.2228419773
98.0000000000 0.3243723764 0.3839603941 0.4435484118 0.2647843588 0.2051963411
99.0000000000 0.2989895173 0.3533101749 0.4076308325 0.2446688597 0.1903482021
100.0000000000 0.2775454534 0.3269424521 0.3763394507 0.2281484547 0.1787514560
101.0000000000 0.2606151274 0.3055888517 0.3505625760 0.2156414031 0.1706676788
102.0000000000 0.2485003204 0.2897055935 0.3309108666 0.2072950474 0.1660897743
103.0000000000 0.2411751764 0.2793978701 0.3176205638 0.2029524828 0.1647297891
104.0000000000 0.2382942952 0.2744056232 0.3105169513 0.2021829671 0.1660716391
105.0000000000 0.2392537779 0.2741469024 0.3090400269 0.2043606534 0.1694675289
106.0000000000 0.2432859993 0.2778083983 0.3123307973 0.2087636003 0.1742412013
107.0000000000 0.2495655668 0.2844650896 0.3193646124 0.2146660440 0.1797665212
108.0000000000 0.2573062601 0.2932028393 0.3290994185 0.2214096809 0.1855131017
109.0000000000 0.2658349380 0.3032174808 0.3406000237 0.2284523951 0.1910698523
110.0000000000 0.2746358916 0.3138752755 0.3531146594 0.2353965077 0.1961571237
111.0000000000 0.2833660401 0.3247345768 0.3661031134 0.2419975035 0.2006289669
112.0000000000 0.2918463690 0.3355376647 0.3792289605 0.2481550733 0.2044637775
113.0000000000 0.3000371267 0.3461839948 0.3923308628 0.2538902586 0.2077433905
114.0000000000 0.3080044745 0.3566943076 0.4053841406 0.2593146415 0.2106248084
115.0000000000 0.3158849252 0.3671725658 0.4184602064 0.2645972847 0.2133096441
116.0000000000 0.3238517185 0.3777697413 0.4316877642 0.2699336957 0.2160156728
117.0000000000 0.3320853630 0.3886514977 0.4452176323 0.2755192283 0.2189530936
118.0000000000 0.3407490207 0.3999705355 0.4591920504 0.2815275058 0.2223059910
119.0000000000 0.3499686940 0.4118436605 0.4737186271 0.2880937274 0.2262187609
120.0000000000 0.3598179111 0.4243336016 0.4888492921 0.2953022205 0.2307865300
121.0000000000 0.3703067620 0.4374356843 0.5045646065 0.3031778398 0.2360489175
122.0000000000 0.3813753957 0.4510697427 0.5207640897 0.3116810487 0.2419867017
123.0000000000 0.3928922815 0.4650777055 0.5372631295 0.3207068575 0.2485214335
124.0000000000 0.4046574534 0.4792271066 0.5537967598 0.3300878001 0.2555181469
125.0000000000 0.4164107841 0.4932204438 0.5700301035 0.3396011245 0.2627914648
126.0000000000 0.4278448714 0.5067098932 0.5855749151 0.3489798496 0.2701148277
127.0000000000 0.4386216974 0.5193162138 0.6000107303 0.3579271809 0.2772326645
128.0000000000 0.4483918329 0.5306504943 0.6129091557 0.3661331716 0.2838745102
129.0000000000 0.4568146899 0.5403368908 0.6238590918 0.3732924890 0.2897702880
130.0000000000 0.4635781962 0.5480345910 0.6324909858 0.3791218013 0.2946654065
131.0000000000 0.4684164923 0.5534574480 0.6384984037 0.3833755366 0.2983345809
132.0000000000 0.4711242716 0.5563897359 0.6416552001 0.3858588074 0.3005933432
133.0000000000 0.4715670930 0.5566972890 0.6418274850 0.3864368970 0.3013067011
134.0000000000 0.4696870216 0.5543334116 0.6389798016 0.3850406316 0.3003942417
135.0000000000 0.4655037370 0.5493396155 0.6331754940 0.3816678585 0.2978319800
136.0000000000 0.4591112921 0.5418415312 0.6245717704 0.3763810529 0.2936508138
137.0000000000 0.4506712510 0.5320406937 0.6134101364 0.3693018083 0.2879323656
138.0000000000 0.4404028954 0.5202030555 0.6000032156 0.3606027353 0.2808025752
139.0000000000 0.4285714918 0.5066453532 0.5847192146 0.3504976304 0.2724237690
140.0000000000 0.4154754156 0.4917201758 0.5679649360 0.3392306554 0.2629858953
141.0000000000 0.4014330560 0.4758008438 0.5501686315 0.3270652682 0.2526974805
142.0000000000 0.3867700969 0.4592668209 0.5317635449 0.3142733729 0.2417766489
143.0000000000 0.3718078962 0.4424904829 0.5131730697 0.3011253094 0.2304427226
144.0000000000 0.3568532630 0.4258256316 0.4947980001 0.2878808944 0.2189085258
145.0000000000 0.3421899351 0.4095981286 0.4770063222 0.2747817415 0.2073735480
146.0000000000 0.3280719190 0.3940988439 0.4601257689 0.2620449941 0.1960180691
147.0000000000 0.3147186721 0.3795788145 0.4444389569 0.2498585297 0.1849983873
148.0000000000 0.3023120709 0.3662464705 0.4301808701 0.2383776713 0.1744432717
149.0000000000 0.2909949962 0.3542666352 0.4175382742 0.2277233571 0.1644517181
150.0000000000 0.2808713683 0.3437608901 0.4066504119 0.2179818464 0.1550923246
151.0000000000 0.2720074029 0.3348090675 0.3976107321 0.2092057383 0.1464040737
152.0000000000 0.2644338947 0.3274514282 0.3904689616 0.2014163613 0.1383988278
153.0000000000 0.2581492233 0.3216913779 0.3852335324 0.1946070688 0.1310649142
154.0000000000 0.2531229913 0.3174985847 0.3818741780 0.1887473980 0.1243718047
155.0000000000 0.2493000178 0.3148124794 0.3803249409 0.1837875562 0.1182750947
156.0000000000 0.2466045272 0.3135460396 0.3804875520 0.1796630147 0.1127215023
157.0000000000 0.2449444207 0.3135899945 0.3822355683 0.1762988469 0.1076532731
158.0000000000 0.2442154800 0.3148172566 0.3854190332 0.1736137033 0.1030119267
159.0000000000 0.2443053982 0.3170875715 0.3898697448 0.1715232249 0.0987410516
160.0000000000 0.2450975495 0.3202521536 0.3954067576 0.1699429454 0.0947883414
161.0000000000 0.2464744224 0.3241582024 0.4018419824 0.1687906424 0.0911068624
162.0000000000 0.2483207054 0.3286531119 0.4089855183 0.1679882989 0.0876558925
163.0000000000 0.2505258979 0.3335882083 0.4166505188 0.1674635874 0.0844012770
164.0000000000 0.2529865050 0.3388219567 0.4246574084 0.1671510532 0.0813156015
165.0000000000 0.2556077512 0.3442225565 0.4328373618 0.1669929460 0.0783781407
166.0000000000 0.2583048306 0.3496699105 0.4410349904 0.1669397507 0.0755746707
167.0000000000 0.2610036820 0.3550569352 0.4491101885 0.1669504287 0.0728971755
168.0000000000 0.2636413235 0.3602902778 0.4569392321 0.1669923692 0.0703434149
169.0000000000 0.2661658228 0.3652905282 0.4644152335 0.1670411175 0.0679164121
170.0000000000 0.2685358043 0.3699918330 0.4714478617 0.1670797756 0.0656237469
171.0000000000 0.2707197257 0.3743411689 0.4779626122 0.1670982825 0.0634768392
172.0000000000 0.2726948481 0.3782972159 0.4838995838 0.1670924802 0.0614901123
173.0000000000 0.2744460236 0.3818290318 0.4892120400 0.1670630154 0.0596800072
174.0000000000 0.2759643404 0.3849144715 0.4938646026 0.1670142094 0.0580640783
175.0000000000 0.2772457373 0.3875386058 0.4978314743 0.1669528688 0.0566600003
176.0000000000 0.2782895951 0.3896920763 0.5010945576 0.1668871138 0.0554846326
177.0000000000 0.2790974558 0.3913696263 0.5036417969 0.1668252853 0.0545531148
178.0000000000 0.2796718174 0.3925686705 0.5054655235 0.1667749644 0.0538781113
179.0000000000 0.2800152172 0.3932882456 0.5065612740 0.1667421888 0.0534691604
180.0000000000 0.2801294635 0.3935281113 0.5069267591 0.1667308157 0.0533321679
