# angle        average        +1sigma        +2sigma        -1sigma        -2sigma
0.0000000000 128.0302971154 133.2654125110 138.5005279067 122.7951817197 117.5600663241
1.0000000000 127.6211353365 132.8398704970 138.0586056574 122.4024001761 117.1836650156
2.0000000000 126.3959149038 131.5658247804 136.7357346570 121.2260050273 116.0560951507
3.0000000000 124.3622235577 129.4518205416 134.5414175255 119.2726265738 114.1830295899
4.0000000000 121.5351543269 126.5144981797 131.4938420325 116.5558104741 111.5764666213
5.0000000000 117.9404411058 122.7817139212 127.6229867367 113.0991682903 108.2578954749
6.0000000000 113.6178995192 118.2958910060 122.9738824928 108.9399080324 104.2619165457
7.0000000000 108.6242878846 113.1168332434 117.6093786023 104.1317425258 99.6391971670
8.0000000000 103.0350008654 107.3233111204 111.6116213755 98.7466906103 94.4583803553
9.0000000000 96.9438806490 101.0127860510 105.0816914529 92.8749752471 88.8060698452
10.0000000000 90.4609720913 94.2990363142 98.1371005370 86.6229078685 82.7848436457
11.0000000000 83.7082787019 87.3078030378 90.9073273737 80.1087543660 76.5092300301
12.0000000000 76.8139683173 80.1708653539 83.5277623905 73.4570712807 70.1001742441
13.0000000000 69.9057716106 73.0193194159 76.1328672213 66.7922238052 63.6786759999
14.0000000000 63.1044624279 65.9769613757 68.8494603235 60.2319634801 57.3594645323
15.0000000000 56.5182744712 59.1546369571 61.7909994431 53.8819119852 51.2455494992
16.0000000000 50.2389268029 52.6462441129 55.0535614229 47.8316094929 45.4242921829
17.0000000000 44.3395878125 46.5267259999 48.7138641872 42.1524496251 39.9653114378
18.0000000000 38.8747315865 40.8519972133 42.8292628401 36.8974659598 34.9202003330
19.0000000000 33.8814885337 35.6603927606 37.4392969875 32.1025843068 30.3236800799
20.0000000000 29.3818691587 30.9749938726 32.5681185866 27.7887444447 26.1956197307
21.0000000000 25.3851814183 26.8061165601 28.2270517019 23.9642462764 22.5433111346
22.0000000000 21.8900878606 23.1533888943 24.4166899280 20.6267868269 19.3634857932
23.0000000000 18.8860049279 20.0071032363 21.1282015448 17.7649066194 16.6438083110
24.0000000000 16.3538372837 17.3488365936 18.3438359036 15.3588379737 14.3638386637
25.0000000000 14.2662989183 15.1516074535 16.0369159888 13.3809903830 12.4956818478
26.0000000000 12.5882116346 13.3800065370 14.1718014395 11.7964167322 11.0046218298
27.0000000000 11.2771530072 11.9907306302 12.7043082531 10.5635753843 9.8499977613
28.0000000000 10.2847127837 10.9338412883 11.5829697929 9.6355842790 8.9864557744
29.0000000000 9.5584147933 10.1548489748 10.7512831564 8.9619806117 8.3655464301
30.0000000000 9.0441650793 9.5974388603 10.1507126413 8.4908912983 7.9376175174
31.0000000000 8.6889621058 9.2064995286 9.7240369514 8.1714246830 7.6538872601
32.0000000000 8.4435255000 8.9309960015 9.4184665030 7.9560549985 7.4685844970
33.0000000000 8.2645231154 8.7263115730 9.1881000305 7.8027346578 7.3409462002
34.0000000000 8.1161411995 8.5558002443 8.9954592890 7.6764821548 7.2368231100
35.0000000000 7.9708514471 8.3914444913 8.8120375354 7.5502584030 7.1296653588
36.0000000000 7.8093518077 8.2136478341 8.6179438605 7.4050557813 7.0007597549
37.0000000000 7.6197849159 8.0103109530 8.4008369902 7.2292588787 6.8387328415
38.0000000000 7.3964415096 7.7754286858 8.1544158620 7.0174543334 6.6384671572
39.0000000000 7.1382231394 7.5074970979 7.8767710563 6.7689491810 6.3996752225
40.0000000000 6.8471444231 7.2080106903 7.5688769574 6.4862781559 6.1254118887
41.0000000000 6.5270991130 6.8802647537 7.2334303944 6.1739334723 5.8207678315
42.0000000000 6.1830117139 6.5285680235 6.8741243331 5.8374554043 5.4918990947
43.0000000000 5.8203762596 6.1578504590 6.4953246584 5.4829020602 5.1454278608
44.0000000000 5.4450853317 5.7735544209 6.1020235100 5.1166162426 4.7881471535
45.0000000000 5.0634022260 5.3816515398 5.6999008536 4.7451529121 4.4269035983
46.0000000000 4.6819344231 4.9886381341 5.2953418452 4.3752307120 4.0685270010
47.0000000000 4.3075140144 4.6014134392 4.8953128640 4.0136145896 3.7197151648
48.0000000000 3.9469557837 4.2270153963 4.5070750089 3.6668961710 3.3868365584
49.0000000000 3.6067183029 3.8722444194 4.1377705359 3.3411921864 3.0756660699
50.0000000000 3.2925249423 3.5432400852 3.7939552281 3.0418097994 2.7910946565
51.0000000000 3.0090068798 3.2450783733 3.4811498668 2.7729353863 2.5368638928
52.0000000000 2.7594210937 2.9814476475 3.2034742012 2.5373945400 2.3153679863
53.0000000000 2.5454774038 2.7544401333 2.9634028628 2.3365146744 2.1275519449
54.0000000000 2.3672961370 2.5644815796 2.7616670223 2.1701106944 1.9729252518
55.0000000000 2.2235012332 2.4104063052 2.5973113773 2.0365961611 1.8496910891
56.0000000000 2.1114411058 2.2896706200 2.4679001342 1.9332115915 1.7549820773
57.0000000000 2.0275102091 2.1986787056 2.3698472022 1.8563417126 1.6851732161
58.0000000000 1.9675301154 2.1331790148 2.2988279143 1.8018812159 1.6362323165
59.0000000000 1.9271342452 2.0886714595 2.2502086737 1.7655970309 1.6040598167
60.0000000000 1.9021025745 2.0607671771 2.2194317796 1.7434379720 1.5847733694
61.0000000000 1.8886040216 2.0454537960 2.2023035705 1.7317542472 1.5749044728
62.0000000000 1.8833249135 2.0392414469 2.1951579803 1.7274083801 1.5714918467
63.0000000000 1.8834912115 2.0391959846 2.1949007577 1.7277864385 1.5720816654
64.0000000000 1.8868071346 2.0428828786 2.1989586226 1.7307313906 1.5746556467
65.0000000000 1.8913490697 2.0482609241 2.2051727784 1.7344372154 1.5775253610
66.0000000000 1.8954490481 2.0535614985 2.2116739490 1.7373365976 1.5792241472
67.0000000000 1.8975965144 2.0571843711 2.2167722278 1.7380086578 1.5784208011
68.0000000000 1.8963752043 2.0576269171 2.2188786298 1.7351234916 1.5738717789
69.0000000000 1.8904398462 2.0534544793 2.2164691125 1.7274252130 1.5644105798
70.0000000000 1.8785317428 2.0433119853 2.2080922279 1.7137515003 1.5489712577
71.0000000000 1.8595244639 2.0259677075 2.1924109511 1.6930812203 1.5266379767
72.0000000000 1.8324904928 2.0003816551 2.1682728175 1.6645993304 1.4967081681
73.0000000000 1.7967747885 1.9657827992 2.1347908099 1.6277667778 1.4587587671
74.0000000000 1.7520625072 1.9217423036 2.0914220999 1.5823827109 1.4127029145
75.0000000000 1.6984260072 1.8682266727 2.0380273382 1.5286253417 1.3588246763
76.0000000000 1.6363410817 1.8056205126 1.9748999435 1.4670616508 1.2977822199
77.0000000000 1.5666652861 1.7347099889 1.9027546918 1.3986205832 1.2305758803
78.0000000000 1.4905792837 1.6566284366 1.8226775894 1.3245301308 1.1584809779
79.0000000000 1.4094985950 1.5727703755 1.7360421561 1.2462268144 1.0829550339
80.0000000000 1.3249677070 1.4846858629 1.6444040189 1.1652495510 1.0055313950
81.0000000000 1.2385521642 1.3939710864 1.5493900087 1.0831332419 0.9277143197
82.0000000000 1.1517417320 1.3021682439 1.4525947558 1.0013152201 0.8508887082
83.0000000000 1.0658755517 1.2106867030 1.3554978543 0.9210644004 0.7762532490
84.0000000000 0.9820944579 1.1207501557 1.2594058534 0.8434387602 0.7047830625
85.0000000000 0.9013207014 1.0333718371 1.1654229728 0.7692695658 0.6372184301
86.0000000000 0.8242614863 0.9493537595 1.0744460326 0.6991692131 0.5740769399
87.0000000000 0.7514299409 0.8693040490 0.9871781572 0.6335558327 0.5156817246
88.0000000000 0.6831770137 0.7936666158 0.9041562179 0.5726874116 0.4621978095
89.0000000000 0.6197272209 0.7227553635 0.8257835061 0.5166990783 0.4136709357
90.0000000000 0.5612132082 0.6567883911 0.7523635740 0.4656380253 0.3700628424
91.0000000000 0.5077050375 0.5959175578 0.6841300781 0.4194925172 0.3312799969
92.0000000000 0.4592318978 0.5402509569 0.6212700160 0.3782128388 0.2971937797
93.0000000000 0.4157952156 0.4898668561 0.5639384965 0.3417235752 0.2676519348
94.0000000000 0.3773735243 0.4448192554 0.5122649866 0.3099277931 0.2424820620
95.0000000000 0.3439204293 0.4051358212 0.4663512130 0.2827050375 0.2214896456
96.0000000000 0.3153578988 0.3708103754 0.4262628519 0.2599054222 0.2044529457
97.0000000000 0.2915674502 0.3417920330 0.3920166158 0.2413428675 0.1911182847
98.0000000000 0.2723819226 0.3179736299 0.3635653373 0.2267902152 0.1811985079
99.0000000000 0.2575801382 0.2991816155 0.3407830928 0.2159786609 0.1743771837
100.0000000000 0.2468860200 0.2851695673 0.3234531147 0.2086024726 0.1703189252
101.0000000000 0.2399728142 0.2756172263 0.3112616385 0.2043284020 0.1686839899
102.0000000000 0.2364721853 0.2701369601 0.3038017350 0.2028074105 0.1691426357
103.0000000000 0.2359870541 0.2682887399 0.3005904258 0.2036853682 0.1713836824
104.0000000000 0.2381066800 0.2696026081 0.3010985362 0.2066107520 0.1751148239
105.0000000000 0.2424220731 0.2736048875 0.3047877019 0.2112392587 0.1800564443
106.0000000000 0.2485402034 0.2798426402 0.3111450771 0.2172377665 0.1859353296
107.0000000000 0.2560955519 0.2879016904 0.3197078289 0.2242894134 0.1924832750
108.0000000000 0.2647582666 0.2974162380 0.3300742095 0.2321002951 0.1994423237
109.0000000000 0.2742385661 0.3080706401 0.3419027141 0.2404064921 0.2065744181
110.0000000000 0.2842875659 0.3195955591 0.3549035523 0.2489795727 0.2136715794
111.0000000000 0.2946950599 0.3317609186 0.3688267773 0.2576292011 0.2205633424
112.0000000000 0.3052850058 0.3443677697 0.3834505336 0.2662022419 0.2271194779
113.0000000000 0.3159095817 0.3572402825 0.3985709833 0.2745788809 0.2332481801
114.0000000000 0.3264426026 0.3702186143 0.4139946260 0.2826665910 0.2388905793
115.0000000000 0.3367730897 0.3831529535 0.4295328174 0.2903932258 0.2440133620
116.0000000000 0.3467994969 0.3958987691 0.4449980413 0.2977002247 0.2486009525
117.0000000000 0.3564250803 0.4083134223 0.4602017643 0.3045367383 0.2526483963
118.0000000000 0.3655546204 0.4202540999 0.4749535795 0.3108551409 0.2561556614
119.0000000000 0.3740925625 0.4315771034 0.4890616442 0.3166080216 0.2591234808
120.0000000000 0.3819425954 0.4421384540 0.5023343127 0.3217467368 0.2615508782
121.0000000000 0.3890084204 0.4517956897 0.5145829590 0.3262211512 0.2634338819
122.0000000000 0.3951956014 0.4604105922 0.5256255831 0.3299806106 0.2647656198
123.0000000000 0.4004141524 0.4678527823 0.5352914122 0.3329755225 0.2655368927
124.0000000000 0.4045815851 0.4740036044 0.5434256237 0.3351595658 0.2657375465
125.0000000000 0.4076261344 0.4787602695 0.5498944046 0.3364919993 0.2653578641
126.0000000000 0.4094899300 0.4820397762 0.5545896223 0.3369400839 0.2643902378
127.0000000000 0.4101318178 0.4837824441 0.5574330705 0.3364811914 0.2628305651
128.0000000000 0.4095296962 0.4839547889 0.5583798817 0.3351046034 0.2606795106
129.0000000000 0.4076822495 0.4825516150 0.5574209805 0.3328128840 0.2579435185
130.0000000000 0.4046099079 0.4795971269 0.5545843459 0.3296226890 0.2546354700
131.0000000000 0.4003551031 0.4751451195 0.5499351358 0.3255650868 0.2507750705
132.0000000000 0.3949817550 0.4692781415 0.5435745280 0.3206853686 0.2463889821
133.0000000000 0.3885740450 0.4621057152 0.5356373854 0.3150423747 0.2415107045
134.0000000000 0.3812345567 0.4537616703 0.5262887839 0.3087074432 0.2361803296
135.0000000000 0.3730818774 0.4444007553 0.5157196333 0.3017629995 0.2304441215
136.0000000000 0.3642477087 0.4341945122 0.5041413157 0.2943009051 0.2243541016
137.0000000000 0.3548736887 0.4233267968 0.4917799050 0.2864205806 0.2179674724
138.0000000000 0.3451079012 0.4119888475 0.4788697937 0.2782269549 0.2113460087
139.0000000000 0.3351013457 0.4003743223 0.4656472989 0.2698283691 0.2045553925
140.0000000000 0.3250043019 0.3886743238 0.4523443457 0.2613342800 0.1976642581
141.0000000000 0.3149628351 0.3770727367 0.4391826383 0.2528529335 0.1907430319
142.0000000000 0.3051154459 0.3657419810 0.4263685160 0.2444889109 0.1838623758
143.0000000000 0.2955899733 0.3548393281 0.4140886829 0.2363406185 0.1770912638
144.0000000000 0.2865008536 0.3445040089 0.4025071641 0.2284976983 0.1704945431
145.0000000000 0.2779467625 0.3348549790 0.3917631955 0.2210385460 0.1641303295
146.0000000000 0.2700087276 0.3259895517 0.3819703757 0.2140279036 0.1580470796
147.0000000000 0.2627487716 0.3179826078 0.3732164439 0.2075149355 0.1522810993
148.0000000000 0.2562090346 0.3108863474 0.3655636601 0.2015317219 0.1468544091
149.0000000000 0.2504115519 0.3047304845 0.3590494170 0.1960926194 0.1417736868
150.0000000000 0.2453585111 0.2995226616 0.3536868122 0.1911943605 0.1370302099
151.0000000000 0.2410331166 0.2952490888 0.3494650610 0.1868171444 0.1326011722
152.0000000000 0.2374009618 0.2918754265 0.3463498912 0.1829264971 0.1284520324
153.0000000000 0.2344119014 0.2893479695 0.3442840375 0.1794758334 0.1245397654
154.0000000000 0.2320023171 0.2875952247 0.3431881324 0.1764094094 0.1208165017
155.0000000000 0.2300977889 0.2865301399 0.3429624909 0.1736654380 0.1172330870
156.0000000000 0.2286159916 0.2860528430 0.3434896944 0.1711791402 0.1137422888
157.0000000000 0.2274697692 0.2860540625 0.3446383557 0.1688854760 0.1103011827
158.0000000000 0.2265703240 0.2864190319 0.3462677397 0.1667216162 0.1068729084
159.0000000000 0.2258303050 0.2870316591 0.3482330132 0.1646289508 0.1034275967
160.0000000000 0.2251668491 0.2877788687 0.3503908883 0.1625548295 0.0999428100
161.0000000000 0.2245042973 0.2885546641 0.3526050309 0.1604539306 0.0964035638
162.0000000000 0.2237766517 0.2892639073 0.3547511629 0.1582893961 0.0928021404
163.0000000000 0.2229295925 0.2898254977 0.3567214028 0.1560336874 0.0891377822
164.0000000000 0.2219220159 0.2901747768 0.3584275378 0.1536692549 0.0854164940
165.0000000000 0.2207270766 0.2902652736 0.3598034707 0.1511888796 0.0816506825
166.0000000000 0.2193326425 0.2900695076 0.3608063727 0.1485957775 0.0778589124
167.0000000000 0.2177411874 0.2895789623 0.3614167373 0.1459034124 0.0740656374
168.0000000000 0.2159691609 0.2888033381 0.3616375153 0.1431349837 0.0703008065
169.0000000000 0.2140457851 0.2877689820 0.3614921788 0.1403225883 0.0665993914
170.0000000000 0.2120114150 0.2865167252 0.3610220354 0.1375061049 0.0630007947
171.0000000000 0.2099154620 0.2850991929 0.3602829239 0.1347317311 0.0595480002
172.0000000000 0.2078140487 0.2835777694 0.3593414901 0.1320503280 0.0562866073
173.0000000000 0.2057673603 0.2820192537 0.3582711472 0.1295154668 0.0532635734
174.0000000000 0.2038369416 0.2804924983 0.3571480549 0.1271813850 0.0505258284
175.0000000000 0.2020829420 0.2790650606 0.3560471792 0.1251008234 0.0481187048
176.0000000000 0.2005614859 0.2778000620 0.3550386381 0.1233229098 0.0460843337
177.0000000000 0.1993222088 0.2767533443 0.3541844798 0.1218910733 0.0444599378
178.0000000000 0.1984061212 0.2759710071 0.3535358929 0.1208412354 0.0432763495
179.0000000000 0.1978438426 0.2754874371 0.3531310315 0.1202002482 0.0425566538
180.0000000000 0.1976542858 0.2753238547 0.3529934236 0.1199847169 0.0423151480
