# angle        average        +1sigma        +2sigma        -1sigma        -2sigma
0.0000000000 63.7039177163 66.1748061529 68.6456945894 61.2330292798 58.7621408433
1.0000000000 63.6067640865 66.0728859066 68.5390077266 61.1406422665 58.6745204465
2.0000000000 63.3147600240 65.7666732316 68.2185864391 60.8628468165 58.4109336090
3.0000000000 62.8263665385 65.2549009012 67.6834352639 60.3978321758 57.9692978131
4.0000000000 62.1393242308 64.5357454840 66.9321667372 59.7429029775 57.3464817243
5.0000000000 61.2511139904 63.6072692318 65.9634244733 58.8949587489 56.5388035075
6.0000000000 60.1596007452 62.4680378465 64.7764749479 57.8511636438 55.5427265425
7.0000000000 58.8638369471 61.1178928727 63.3719487983 56.6097810215 54.3557250959
8.0000000000 57.3649709615 59.5588340262 61.7526970908 55.1711078969 52.9772448323
9.0000000000 55.6671778125 57.7959187447 59.9246596769 53.5384368803 51.4096959481
10.0000000000 53.7784962981 55.8380784617 57.8976606253 51.7189141345 49.6593319708
11.0000000000 51.7114395433 53.6987040731 55.6859686029 49.7241750135 47.7369104836
12.0000000000 49.4832631010 51.3958974168 53.3085317326 47.5706287851 45.6579944693
13.0000000000 47.1157931010 48.9522830692 50.7887730374 45.2793031327 43.4428131645
14.0000000000 44.6347871394 46.3943521281 48.1539171168 42.8752221507 41.1156571620
15.0000000000 42.0688745913 43.7513892500 45.4339039086 40.3863599327 38.7038452741
16.0000000000 39.4481841587 41.0540826380 42.6599811173 37.8422856793 36.2363872000
17.0000000000 36.8028540865 38.3330216670 39.8631892475 35.2726865061 33.7425189256
18.0000000000 34.1616167788 35.6172716880 37.0729265971 32.7059618697 31.2503069606
19.0000000000 31.5506680529 32.9332363681 34.3158046834 30.1680997376 28.7855314224
20.0000000000 28.9929584375 30.3039571073 31.6149557772 27.6819597677 26.3709610978
21.0000000000 26.5079624519 27.7488986311 28.9898348103 25.2670262727 24.0260900936
22.0000000000 24.1118820433 25.2841812107 26.4564803781 22.9395828759 21.7672837085
23.0000000000 21.8181549760 22.9231266687 24.0280983614 20.7131832832 19.6082115905
24.0000000000 19.6380843269 20.6769263851 21.7157684432 18.5992422688 17.5604002106
25.0000000000 17.5813991346 18.5552393155 19.5290794964 16.6075589537 15.6337187728
26.0000000000 15.6566062019 16.5665673453 17.4765284886 14.7466450586 13.8366839153
27.0000000000 13.8710590865 14.7183402141 15.5656213417 13.0237779590 12.1764968314
28.0000000000 12.2307677837 13.0167212279 13.8026746722 11.4448143394 10.6588608951
29.0000000000 10.7400212957 11.4662189567 12.1924166176 10.0138236347 9.2876259737
30.0000000000 9.4009518437 10.0692295655 10.7375072872 8.7326741220 8.0643964003
31.0000000000 8.2131536442 8.8256296766 9.4381057089 7.6006776119 6.9882015796
32.0000000000 7.1734603173 7.7325303661 8.2916004150 6.6143902685 6.0553202197
33.0000000000 6.2759305841 6.7842394676 7.2925483510 5.7676217007 5.2593128172
34.0000000000 5.5120649567 5.9724640943 6.4328632319 5.0516658191 4.5912666815
35.0000000000 4.8712303966 5.2867279868 5.7022255771 4.4557328064 4.0402352162
36.0000000000 4.3412453702 4.7149590422 5.0886727141 3.9675316982 3.5938180263
37.0000000000 3.9090557067 4.2441756148 4.5792955229 3.5739357987 3.2388158906
38.0000000000 3.5614162861 3.8611847148 4.1609531436 3.2616478573 2.9618794285
39.0000000000 3.2854964014 3.5532048595 3.8209133175 3.0177879434 2.7500794854
40.0000000000 3.0693391659 3.3083397112 3.5473402565 2.8303386205 2.5913380752
41.0000000000 2.9021376635 3.1158604763 3.3295832891 2.6884148506 2.4746920378
42.0000000000 2.7743280409 2.9662916872 3.1582553336 2.5823643945 2.3904007482
43.0000000000 2.6775351659 2.8513337790 3.0251323920 2.5037365528 2.3299379397
44.0000000000 2.6044316995 2.7636812048 2.9229307101 2.4451821943 2.2859326890
45.0000000000 2.5485723125 2.6968039691 2.8450356258 2.4003406559 2.2521089992
46.0000000000 2.5042535938 2.6447617284 2.7852698630 2.3637454591 2.2232373245
47.0000000000 2.4664250409 2.6021000966 2.7377751524 2.3307499851 2.1950749293
48.0000000000 2.4306545433 2.5638496006 2.6970446579 2.2974594859 2.1642644286
49.0000000000 2.3931353197 2.5256029636 2.6580706074 2.2606676759 2.1282000320
50.0000000000 2.3507173317 2.4836234312 2.6165295307 2.2178112322 2.0849051327
51.0000000000 2.3009470553 2.4349404080 2.5689337607 2.1669537026 2.0329603498
52.0000000000 2.2421036899 2.3774113491 2.5127190083 2.1067960307 1.9714883715
53.0000000000 2.1732226923 2.3097463636 2.4462700350 2.0366990210 1.9001753496
54.0000000000 2.0940968269 2.2314974399 2.3688980528 1.9566962140 1.8192956010
55.0000000000 2.0052438197 2.1430102593 2.2807766990 1.8674773801 1.7297109404
56.0000000000 1.9078322380 2.0453360211 2.1828398041 1.7703284549 1.6328246718
57.0000000000 1.8035639111 1.9401031263 2.0766423415 1.6670246958 1.5304854806
58.0000000000 1.6945187813 1.8293550767 1.9641913722 1.5596824858 1.4248461903
59.0000000000 1.5829799784 1.7153713847 1.8477627911 1.4505885720 1.3181971657
60.0000000000 1.4712597837 1.6004906027 1.7297214218 1.3420289646 1.2127981455
61.0000000000 1.3615492885 1.4869579184 1.6123665484 1.2361406585 1.1107320285
62.0000000000 1.2558064974 1.3768108816 1.4978152659 1.1348021131 1.0137977288
63.0000000000 1.1556905613 1.2718107739 1.3879309865 1.0395703487 0.9234501361
64.0000000000 1.0625389784 1.1734159308 1.2842928833 0.9516620259 0.8407850735
65.0000000000 0.9773788517 1.0827879545 1.1881970574 0.8719697488 0.7665606460
66.0000000000 0.9009603618 1.0008196710 1.1006789802 0.8011010525 0.7012417433
67.0000000000 0.8337989709 0.9281707995 1.0225426281 0.7394271423 0.6450553137
68.0000000000 0.7762173248 0.8653037892 0.9543902535 0.6871308604 0.5980443960
69.0000000000 0.7283782642 0.8125111661 0.8966440680 0.6442453623 0.5601124604
70.0000000000 0.6903046808 0.7699306701 0.8495566595 0.6106786914 0.5310527020
71.0000000000 0.6618844361 0.7375465203 0.8132086045 0.5862223519 0.5105602677
72.0000000000 0.6428618464 0.7151780061 0.7874941658 0.5705456867 0.4982295270
73.0000000000 0.6328203050 0.7024599809 0.7720996567 0.5631806292 0.4935409534
74.0000000000 0.6311632947 0.6988225457 0.7664817967 0.5635040437 0.4958447928
75.0000000000 0.6371022728 0.7034789538 0.7698556348 0.5707255919 0.5043489109
76.0000000000 0.6496592752 0.7154300979 0.7812009205 0.5838884526 0.5181176300
77.0000000000 0.6676894639 0.7334908065 0.7992921490 0.6018881214 0.5360867789
78.0000000000 0.6899245654 0.7563384896 0.8227524139 0.6235106411 0.5570967169
79.0000000000 0.7150335404 0.7825792810 0.8501250215 0.6474877998 0.5799420593
80.0000000000 0.7416929611 0.8108231695 0.8799533779 0.6725627526 0.6034325442
81.0000000000 0.7686573974 0.8397578538 0.9108583103 0.6975569409 0.6264564844
82.0000000000 0.7948201180 0.8682114988 0.9416028795 0.7214287373 0.6480373566
83.0000000000 0.8192566127 0.8951973687 0.9711381247 0.7433158567 0.6673751008
84.0000000000 0.8412465673 0.9199361762 0.9986257850 0.7625569585 0.6838673496
85.0000000000 0.8602739851 0.9418563981 1.0234388111 0.7786915721 0.6971091590
86.0000000000 0.8760084615 0.9605755171 1.0451425727 0.7914414059 0.7068743503
87.0000000000 0.8882729861 0.9758675163 1.0634620466 0.8006784558 0.7130839255
88.0000000000 0.8970049954 0.9876236904 1.0782423854 0.8063863005 0.7157676055
89.0000000000 0.9022171558 0.9958127457 1.0894083357 0.8086215658 0.7150259758
90.0000000000 0.9039633858 1.0004461441 1.0969289023 0.8074806276 0.7109978693
91.0000000000 0.9023141226 1.0015528353 1.1007915480 0.8030754099 0.7038366972
92.0000000000 0.8973425781 0.9991651397 1.1009877013 0.7955200165 0.6936974549
93.0000000000 0.8891221224 0.9933161871 1.0975102519 0.7849280576 0.6807339928
94.0000000000 0.8777328976 0.9840468543 1.0903608110 0.7714189409 0.6651049842
95.0000000000 0.8632751012 0.9714203177 1.0795655342 0.7551298847 0.6469846682
96.0000000000 0.8458850274 0.9555393030 1.0651935786 0.7362307518 0.6265764762
97.0000000000 0.8257503351 0.9365629870 1.0473756389 0.7149376832 0.6041250313
98.0000000000 0.8031214221 0.9147201456 1.0263188691 0.6915226986 0.5799239752
99.0000000000 0.7783164570 0.8903157066 1.0023149561 0.6663172074 0.5543179578
100.0000000000 0.7517189457 0.8637293901 0.9757398345 0.6397085013 0.5276980569
101.0000000000 0.7237679486 0.8354066587 0.9470453688 0.6121292385 0.5004905284
102.0000000000 0.6949419894 0.8058425527 0.9167431159 0.5840414262 0.4731408629
103.0000000000 0.6657387829 0.7755608462 0.8853829095 0.5559167196 0.4460946563
104.0000000000 0.6366530786 0.7450906948 0.8535283111 0.5282154624 0.4197778461
105.0000000000 0.6081551651 0.7149435282 0.8217318913 0.5013668021 0.3945784390
106.0000000000 0.5806721139 0.6855923454 0.7905125768 0.4757518825 0.3708316511
107.0000000000 0.5545734425 0.6574553713 0.7603373000 0.4516915138 0.3488095851
108.0000000000 0.5301619358 0.6308849271 0.7316079184 0.4294389445 0.3287159532
109.0000000000 0.5076699502 0.6061619921 0.7046540339 0.4091779084 0.3106858665
110.0000000000 0.4872605060 0.5834958890 0.6797312720 0.3910251230 0.2947897400
111.0000000000 0.4690324543 0.5630284290 0.6570244036 0.3750364797 0.2810405051
112.0000000000 0.4530283438 0.5448411228 0.6366539018 0.3612155647 0.2694027857
113.0000000000 0.4392437889 0.5289642330 0.6186846772 0.3495233448 0.2598029007
114.0000000000 0.4276372216 0.5153864707 0.6031357198 0.3398879725 0.2521387235
115.0000000000 0.4181389216 0.5040640983 0.5899892750 0.3322137449 0.2462885682
116.0000000000 0.4106588178 0.4949289148 0.5791990118 0.3263887208 0.2421186238
117.0000000000 0.4050926687 0.4878945894 0.5706965101 0.3222907481 0.2394888274
118.0000000000 0.4013264575 0.4828612020 0.5643959466 0.3197917129 0.2382569683
119.0000000000 0.3992392714 0.4797182187 0.5601971660 0.3187603241 0.2382813768
120.0000000000 0.3987048995 0.4783462332 0.5579875669 0.3190635658 0.2394222321
121.0000000000 0.3995925639 0.4786178571 0.5576431502 0.3205672708 0.2415419777
122.0000000000 0.4017671986 0.4803982666 0.5590293345 0.3231361306 0.2445050626
123.0000000000 0.4050895964 0.4835457745 0.5620019527 0.3266334182 0.2481772401
124.0000000000 0.4094168120 0.4879127344 0.5664086568 0.3309208896 0.2524249672
125.0000000000 0.4146028601 0.4933468684 0.5720908767 0.3358588518 0.2571148435
126.0000000000 0.4204999445 0.4996931279 0.5788863113 0.3413067611 0.2621135777
127.0000000000 0.4269601228 0.5067959757 0.5866318285 0.3471242700 0.2672884172
128.0000000000 0.4338373255 0.5145018515 0.5951663775 0.3531727995 0.2725082735
129.0000000000 0.4409896043 0.5226617889 0.6043339734 0.3593174198 0.2776452353
130.0000000000 0.4482814779 0.5311338690 0.6139862601 0.3654290868 0.2825766957
131.0000000000 0.4555860736 0.5397852913 0.6239845090 0.3713868558 0.2871876381
132.0000000000 0.4627870950 0.5484941333 0.6342011717 0.3770800566 0.2913730182
133.0000000000 0.4697802971 0.5571504517 0.6445206064 0.3824101425 0.2950399879
134.0000000000 0.4764745303 0.5656569149 0.6548392996 0.3872921457 0.2981097610
135.0000000000 0.4827922284 0.5739288716 0.6650655149 0.3916555851 0.3005189419
136.0000000000 0.4886693498 0.5818938765 0.6751184032 0.3954448231 0.3022202964
137.0000000000 0.4940548435 0.5894908572 0.6849268709 0.3986188298 0.3031828161
138.0000000000 0.4989097118 0.5966689786 0.6944282454 0.4011504450 0.3033911781
139.0000000000 0.5032056678 0.6033861896 0.7035667115 0.4030251459 0.3028446241
140.0000000000 0.5069236587 0.6096077946 0.7122919306 0.4042395227 0.3015553867
141.0000000000 0.5100521940 0.6153048815 0.7205575691 0.4047995064 0.2995468189
142.0000000000 0.5125856974 0.6204528937 0.7283200901 0.4047185010 0.2968513046
143.0000000000 0.5145229058 0.6250303040 0.7355377023 0.4040155075 0.2935081093
144.0000000000 0.5158654627 0.6290175061 0.7421695495 0.4027134194 0.2895613760
145.0000000000 0.5166166750 0.6323959110 0.7481751470 0.4008374390 0.2850582030
146.0000000000 0.5167805736 0.6351473853 0.7535141970 0.3984137618 0.2800469501
147.0000000000 0.5163612322 0.6372538912 0.7581465503 0.3954685732 0.2745759141
148.0000000000 0.5153623712 0.6386974660 0.7620325609 0.3920272763 0.2686921814
149.0000000000 0.5137872642 0.6394604378 0.7651336114 0.3881140906 0.2624409170
150.0000000000 0.5116388971 0.6395259732 0.7674130492 0.3837518211 0.2558647450
151.0000000000 0.5089203435 0.6388787123 0.7688370810 0.3789619748 0.2490036060
152.0000000000 0.5056353596 0.6375056714 0.7693759833 0.3737650478 0.2418947360
153.0000000000 0.5017891238 0.6353973279 0.7690055320 0.3681809197 0.2345727156
154.0000000000 0.4973890702 0.6325486467 0.7677082232 0.3622294937 0.2270699172
155.0000000000 0.4924457834 0.6289602399 0.7654746965 0.3559313269 0.2194168704
156.0000000000 0.4869738969 0.6246394750 0.7623050532 0.3493083187 0.2116427406
157.0000000000 0.4809929837 0.6196015663 0.7582101490 0.3423844010 0.2037758183
158.0000000000 0.4745283281 0.6138703861 0.7532124440 0.3351862702 0.1958442122
159.0000000000 0.4676116135 0.6074793322 0.7473470509 0.3277438947 0.1878761760
160.0000000000 0.4602814313 0.6004717822 0.7406621332 0.3200910803 0.1799007293
161.0000000000 0.4525836406 0.5929014853 0.7332193301 0.3122657959 0.1719479512
162.0000000000 0.4445715065 0.5848325281 0.7250935497 0.3043104849 0.1640494633
163.0000000000 0.4363056337 0.5763391614 0.7163726891 0.2962721059 0.1562385782
164.0000000000 0.4278536623 0.5675052338 0.7071568053 0.2882020907 0.1485505192
165.0000000000 0.4192897510 0.5584234000 0.6975570491 0.2801561019 0.1410224528
166.0000000000 0.4106938212 0.5491939933 0.6876941654 0.2721936492 0.1336934771
167.0000000000 0.4021506248 0.5399237093 0.6776967938 0.2643775403 0.1266044558
168.0000000000 0.3937485717 0.5307239906 0.6676994095 0.2567731528 0.1197977339
169.0000000000 0.3855784417 0.5217092532 0.6578400647 0.2494476302 0.1133168187
170.0000000000 0.3777319274 0.5129949744 0.6482580214 0.2424688803 0.1072058333
171.0000000000 0.3703000818 0.5046956407 0.6390911996 0.2359045229 0.1015089640
172.0000000000 0.3633717372 0.4969227040 0.6304736709 0.2298207703 0.0962698035
173.0000000000 0.3570318318 0.4897824674 0.6225331030 0.2242811962 0.0915305607
174.0000000000 0.3513598457 0.4833741524 0.6153884591 0.2193455391 0.0873312324
175.0000000000 0.3464282392 0.4777879519 0.6091476646 0.2150685265 0.0837088138
176.0000000000 0.3423010144 0.4731033270 0.6039056396 0.2114987018 0.0806963892
177.0000000000 0.3390324437 0.4693874885 0.5997425333 0.2086773988 0.0783223540
178.0000000000 0.3366659387 0.4666940897 0.5967222408 0.2066377876 0.0766096366
179.0000000000 0.3352331803 0.4650622092 0.5948912381 0.2054041514 0.0755751226
180.0000000000 0.3347534372 0.4645155906 0.5942777441 0.2049912837 0.0752291303
