 R(CM)=   3.50000  D(CM)=  25.00000   T(CM)=   8.50000
 GAMMA ENERGY=1695.0KEV   ATTEN COEFF=   0.22841 INVERSE CM
 Q2=   0.98793   Q4=   0.96015
